201,1,,0.06,0.27,0.13,0.12,0.04,0.1,0.29,0.09,0.01,0.14,0.4,0.13,0.44,0.11,0.19,0.54,0.08,0.04,0.08,1.05,0.13,0.48,0.96,0.15,0.19,0.43,0.26,0.01,0.1,0.41,0.35,NA,0.31,0.25,0.69,0.22,0.04,0.22,0.22,0.17,0.53,0.62,0.18,0.55,0.28,0.15,0.2,0.66,0.37,0.13,0.01,0.21,0.04,0.57,0.22,0.54,0.01,0.1,0.32,0.07,0.23,0.04,0.63,0.21,1.08,0.31,0.4,0.32,0.18,NA,0.33,0.3,1.04,0.26,0.04,0.18,0.34,0.3,0.04,0.16,0.52,0.23,0.06,0.17,0.17,0.43,0.41,0.37,0.24,0.32,0.05,0.06,0.11,0.13,0.28,0.0
202,2,,NA,NA,NA,NA,NA,NA,NA,NA,NA,NA,NA,NA,NA,NA,0.25,0.19,0.2,0.16,0.16,0.14,0.25,0.23,0.22,1.02,0.22,0.26,0.41,1.1,0.22,0.32,0.49,0.16,0.48,0.44,0.73,0.25,0.93,0.08,0.72,0.34,0.25,0.24,0.43,0.48,0.34,0.15,0.36,0.17,0.43,1.08,0.12,0.2,0.2,0.3,0.25,0.62,0.17,0.41,0.41,0.4,0.2,0.19,0.2,0.35,0.23,0.63,0.17,0.39,0.16,NA,NA,NA,NA,0.16,0.35,0.14,0.23,0.38,0.72,0.36,0.66,0.77,0.22,0.46,0.43,0.03,NA,NA,NA,NA,NA,NA,NA,NA,NA,28.4210526316
204,2,,0.16,0.27,0.24,1.19,0.23,0.36,0.19,0.21,0.38,0.59,0.19,0.26,0.27,0.17,1.38,0.16,0.11,0.11,0.37,0.22,0.07,1.02,0.13,0.33,0.42,0.1,0.23,0.2,1.2,0.19,0.31,0.15,0.29,0.21,0.14,0.24,0.25,0.21,0.41,1.03,0.19,0.12,0.24,0.04,0.43,0.64,0.66,0.2,1.42,0.19,1.31,0.18,0.22,1.12,0.27,0.18,0.19,0.24,NA,NA,NA,NA,1.23,0.15,1.62,0.08,0.14,NA,NA,NA,NA,0.14,0.09,0.23,0.18,0.53,NA,NA,NA,NA,NA,0.13,0.4,0.13,1.34,0.06,0.15,0.16,0.24,1.33,0.32,0.27,1.1,0.22,13.829787234
205,2,,NA,NA,NA,NA,NA,NA,NA,NA,NA,NA,0.51,0.31,0.73,0.28,0.27,0.31,0.41,0.38,0.31,NA,NA,NA,NA,0.24,0.35,0.68,0.42,0.15,0.28,0.35,0.24,0.22,0.55,0.33,0.35,1.27,0.27,0.23,0.77,0.4,0.32,0.38,0.3,0.22,0.28,0.52,0.38,1.35,0.22,0.38,0.3,1.11,NA,0.37,0.44,0.34,0.37,0.34,0.35,0.36,1.34,0.29,0.25,0.3,0.22,0.23,0.34,2.31,1.43,0.16,0.3,0.24,0.29,0.29,0.29,0.24,0.3,0.58,1.32,0.21,0.36,0.43,2.81,0.16,0.34,1.31,1.65,0.46,0.33,0.34,0.53,0.28,2.16,0.77,0.34,14.7368421053
206,2,,NA,NA,NA,NA,NA,0.13,0.18,0.05,0.09,0.29,NA,NA,NA,NA,NA,NA,NA,NA,0.11,0.04,0.01,2.57,0.04,0.12,0.03,0.11,0.09,0.18,0.38,0.3,0.09,0.12,0.08,1.98,0.21,0.42,0.19,0.27,0.25,1.61,0.25,0.62,0.06,0.37,0.27,3.43,0.13,0.24,1.64,0.01,0.07,0.1,0.15,2.0,0.09,0.31,0.03,0.12,1.7,0.05,0.02,NA,0.05,0.17,0.39,0.28,0.04,0.12,0.39,NA,2.01,0.16,0.06,0.01,0.24,0.5,0.24,0.06,0.06,0.23,2.35,0.13,0.08,0.19,2.21,0.09,NA,0.2,0.11,0.05,0.27,0.32,0.11,2.13,0.06,13.6842105263
207,2,,0.12,0.22,0.13,0.06,1.18,0.13,0.1,0.08,1.29,0.37,0.09,1.23,1.0,0.18,0.01,1.49,0.15,1.43,0.36,0.27,1.72,0.12,0.25,0.24,0.08,0.18,1.28,2.5,0.47,0.21,1.42,0.41,0.4,0.22,0.25,0.38,2.45,0.4,0.13,2.76,0.21,0.13,1.72,0.05,1.46,1.83,1.71,2.01,0.31,1.62,0.1,1.8,0.17,0.28,0.28,0.72,0.18,1.24,1.5,3.07,0.5,0.12,0.35,1.49,1.74,0.17,0.07,1.86,0.16,0.08,3.01,0.23,0.54,1.03,0.21,0.25,0.09,0.88,NA,NA,NA,NA,0.09,0.4,1.19,0.56,NA,NA,NA,NA,NA,NA,NA,NA,NA,13.6842105263
208,2,,NA,NA,NA,NA,0.47,0.45,0.49,0.58,0.59,NA,NA,NA,NA,NA,NA,NA,NA,0.47,2.09,0.41,0.44,0.45,0.46,0.44,0.54,0.4,0.35,0.4,0.46,0.52,0.53,2.29,0.7,0.9,0.4,NA,NA,NA,NA,0.56,0.59,0.9,0.43,0.73,0.33,0.42,1.61,0.56,NA,NA,NA,NA,NA,0.47,0.5,0.46,0.39,NA,NA,NA,NA,NA,0.43,0.46,0.36,0.55,0.36,0.58,0.49,0.32,0.5,0.88,0.71,0.82,0.51,0.45,0.64,0.56,0.62,0.7,0.45,1.09,0.44,0.37,0.6,0.5,0.65,0.42,0.77,0.37,0.5,0.64,0.46,0.95,0.44,27.3684210526
209,2,,0.25,0.43,2.06,0.13,0.29,0.52,0.4,0.35,2.59,0.4,0.48,0.52,0.47,0.38,3.86,0.38,0.29,0.29,0.24,0.37,0.38,0.68,0.39,1.98,0.49,0.53,0.39,0.36,0.7,2.22,0.54,0.51,0.53,0.53,0.44,0.53,2.14,0.35,0.17,0.48,0.69,0.25,0.43,3.21,0.34,0.52,2.08,0.65,0.53,NA,NA,NA,NA,NA,0.52,0.32,0.33,0.51,0.38,0.26,0.28,0.28,0.53,NA,NA,NA,NA,NA,0.27,0.23,0.34,0.28,NA,NA,NA,NA,NA,0.37,0.23,0.27,0.44,0.15,0.53,0.25,0.27,0.26,0.23,0.24,0.3,0.24,0.08,1.37,0.45,0.25,1.43,15.7894736842
210,1,,NA,NA,NA,NA,0.13,0.18,0.1,1.38,0.12,NA,NA,NA,NA,0.59,0.12,0.17,0.26,NA,NA,NA,NA,NA,NA,NA,NA,NA,NA,NA,NA,NA,NA,0.34,0.2,0.57,1.5,0.24,0.25,0.54,0.11,0.19,0.25,0.67,0.17,0.17,1.69,1.35,0.24,0.29,0.18,1.35,0.54,0.1,0.32,0.17,0.18,1.41,0.5,0.11,1.45,NA,NA,NA,NA,1.86,0.24,0.19,0.34,1.61,0.36,0.19,0.24,0.4,3.28,1.21,0.23,0.15,2.66,0.63,0.22,0.24,2.79,1.47,0.26,0.22,2.79,0.22,0.12,0.54,0.49,0.23,0.28,0.18,0.64,1.9,0.24,27.3684210526
211,2,,0.1,0.06,0.13,0.07,0.36,0.33,0.05,0.21,0.07,NA,0.29,0.29,0.37,0.39,0.15,0.09,0.05,0.08,0.3,0.34,0.35,0.43,1.54,0.06,0.24,0.24,0.08,0.54,0.24,0.42,0.28,0.17,0.09,0.06,0.51,0.15,0.16,0.1,0.35,0.48,0.01,0.94,0.2,0.53,0.32,0.22,0.23,0.19,0.31,0.13,0.06,0.01,1.52,NA,0.6,0.2,0.06,0.16,0.45,0.12,0.34,0.17,0.07,0.21,1.6,0.05,0.42,0.14,0.31,1.05,0.6,0.24,0.09,1.49,0.96,0.25,0.24,0.44,0.15,0.52,0.41,0.14,0.22,0.41,0.16,0.49,0.06,0.94,0.68,0.42,0.08,0.28,0.37,0.35,0.4,0.0
212,2,,NA,NA,NA,NA,NA,NA,NA,NA,NA,NA,NA,NA,NA,NA,NA,NA,NA,NA,NA,NA,NA,NA,NA,NA,NA,NA,NA,NA,NA,NA,NA,NA,NA,NA,NA,NA,NA,NA,NA,NA,NA,NA,NA,NA,NA,NA,NA,NA,NA,NA,NA,NA,NA,NA,NA,NA,NA,NA,NA,NA,NA,NA,NA,NA,NA,NA,NA,NA,NA,NA,NA,NA,NA,NA,NA,NA,NA,NA,NA,NA,NA,NA,NA,NA,NA,NA,NA,NA,NA,NA,NA,NA,NA,NA,NA,0.0
213,2,,0.25,1.3,0.38,0.41,0.25,0.33,0.34,0.26,0.21,1.31,0.3,0.21,0.26,0.22,0.22,0.17,0.29,0.29,0.29,0.23,0.22,0.22,0.3,0.19,NA,NA,NA,NA,0.33,1.47,2.09,0.54,0.35,0.35,0.21,0.36,0.16,0.33,0.24,0.24,0.45,0.17,1.3,0.23,0.37,0.29,0.34,NA,NA,NA,NA,NA,NA,NA,NA,0.44,0.3,0.28,0.35,0.31,0.24,0.26,0.32,0.33,0.28,0.3,0.26,0.24,0.37,0.36,0.44,0.24,0.2,0.35,0.19,0.27,0.2,0.29,0.17,1.35,1.28,0.4,0.17,0.29,0.23,0.44,0.68,0.2,1.59,0.43,0.35,0.49,0.26,1.44,0.23,12.6315789474
214,1,,0.28,0.34,0.28,0.2,0.08,0.25,0.23,0.22,0.15,0.21,1.95,0.34,0.2,0.27,1.0,0.2,0.18,0.1,0.26,0.09,0.29,0.16,0.19,0.13,0.19,0.43,0.24,0.5,0.11,0.38,0.29,0.13,0.86,0.45,0.36,1.55,0.35,0.28,0.37,0.43,0.21,0.59,0.56,0.22,0.48,0.24,0.46,0.37,0.22,0.36,0.16,0.24,0.31,0.25,1.3,0.97,NA,0.24,0.32,0.6,0.13,0.22,0.22,0.24,0.11,0.45,0.17,0.07,0.11,0.26,0.24,0.14,0.43,0.08,1.72,0.73,0.57,0.06,0.33,0.8,0.95,0.35,0.27,1.37,0.29,0.13,0.27,0.39,0.4,0.1,0.18,0.39,0.28,0.4,0.06,0.0
215,2,,0.63,1.4,0.52,0.35,0.46,0.42,1.41,0.48,0.36,0.55,0.33,0.41,1.48,0.5,0.39,0.41,0.47,0.42,0.52,0.34,1.51,0.43,NA,NA,NA,NA,NA,0.42,0.4,0.52,0.42,0.43,0.36,0.51,0.58,0.61,2.49,0.38,2.5,0.43,1.47,0.36,0.36,0.43,0.32,0.45,0.33,0.48,0.3,0.37,0.34,0.48,0.34,0.42,NA,NA,NA,NA,NA,NA,NA,NA,NA,0.38,0.42,0.4,0.36,2.66,0.29,1.56,1.58,1.44,1.17,0.45,1.49,3.5,0.22,0.4,1.48,0.33,0.37,0.58,0.25,0.45,0.42,0.27,1.76,1.24,0.42,0.25,0.46,0.53,1.3,0.6,0.32,14.7368421053
216,2,,NA,NA,NA,NA,NA,NA,NA,NA,NA,0.22,0.35,2.01,0.52,0.29,NA,NA,NA,NA,0.36,0.24,0.39,1.12,NA,NA,NA,NA,NA,0.39,1.07,1.58,0.24,0.53,0.42,0.33,2.58,0.21,0.35,0.3,0.67,2.31,0.24,0.6,0.26,0.28,1.78,NA,NA,NA,NA,NA,NA,NA,NA,NA,NA,NA,NA,NA,NA,NA,NA,NA,NA,NA,NA,NA,NA,NA,NA,NA,NA,NA,NA,NA,NA,NA,NA,NA,NA,NA,NA,NA,NA,NA,NA,NA,NA,NA,NA,NA,NA,NA,NA,NA,71.2765957447
217,1,,0.22,1.28,0.24,0.19,1.2,0.17,0.24,0.28,0.22,0.24,0.17,0.22,1.16,0.19,0.19,0.21,0.18,0.12,0.17,0.17,0.2,0.18,0.18,0.09,0.14,0.16,0.15,0.15,0.11,0.17,0.1,0.13,0.31,0.14,0.13,0.18,0.17,0.14,0.37,0.12,0.15,NA,NA,NA,NA,NA,NA,NA,NA,NA,NA,NA,NA,NA,0.12,0.15,0.11,0.47,0.32,0.3,0.22,0.13,0.15,0.12,0.37,1.78,0.07,0.19,0.08,0.15,0.07,0.19,0.26,0.08,0.45,0.14,0.1,0.1,0.1,0.04,0.13,NA,NA,NA,NA,NA,NA,NA,NA,NA,NA,NA,NA,NA,27.6595744681
218,2,,NA,NA,NA,NA,NA,0.36,0.49,0.19,0.38,0.58,NA,NA,NA,NA,NA,NA,NA,NA,0.21,0.43,0.26,0.17,0.27,1.08,0.25,0.13,1.31,0.31,0.13,0.79,0.83,0.22,0.12,0.26,0.43,0.1,0.66,0.97,0.44,0.12,0.25,0.18,0.4,0.05,1.23,0.48,0.23,0.13,0.57,0.24,0.66,1.0,0.36,0.17,0.31,0.33,0.25,0.22,0.2,0.57,0.7,0.12,0.28,0.21,0.53,0.41,0.11,0.55,0.26,0.15,0.39,0.43,0.29,0.39,0.2,0.22,0.52,0.26,1.21,0.15,0.35,0.89,0.5,0.32,0.42,0.42,0.26,0.54,0.22,0.12,0.37,0.16,0.62,0.07,0.34,13.6842105263
219,2,,0.43,0.46,3.91,0.48,0.45,0.44,0.52,0.51,1.79,0.46,0.47,0.6,0.38,0.41,1.54,0.51,1.79,0.47,0.41,0.33,1.33,1.69,0.57,0.37,1.6,2.09,0.92,2.32,0.36,1.55,0.48,0.36,0.69,0.26,1.39,0.54,0.28,3.36,0.92,1.83,0.33,0.44,0.3,0.28,0.48,1.05,1.52,0.46,0.46,0.66,0.58,NA,NA,NA,NA,NA,NA,NA,NA,1.37,3.13,0.48,0.62,1.33,0.36,1.5,0.32,0.47,0.27,0.33,0.39,1.28,NA,NA,NA,NA,NA,0.28,1.32,0.3,0.37,0.37,0.31,1.0,1.15,0.54,1.74,0.27,1.67,2.05,0.36,0.35,0.76,0.42,1.49,13.6842105263
220,2,,NA,NA,NA,NA,0.33,0.31,0.13,0.28,0.2,NA,NA,NA,NA,NA,0.15,1.81,0.48,0.9,NA,NA,NA,NA,NA,NA,NA,NA,NA,0.16,0.23,0.08,0.55,0.57,NA,NA,NA,NA,0.36,0.17,0.26,0.34,NA,NA,NA,NA,NA,0.18,1.26,0.24,0.28,0.35,0.28,0.29,0.16,1.46,0.85,0.2,0.22,0.29,0.35,0.26,1.22,0.29,0.44,0.4,0.45,0.25,1.52,1.03,0.21,0.99,0.09,0.67,0.81,0.28,0.47,0.42,0.54,0.39,0.28,0.09,0.25,1.32,0.54,0.3,1.42,0.54,0.22,0.16,0.24,0.15,0.13,0.9,1.25,0.36,28.7234042553
221,2,,NA,NA,NA,NA,NA,0.34,0.43,0.31,0.3,0.35,NA,NA,NA,NA,NA,NA,NA,NA,NA,0.32,0.41,0.15,0.24,0.56,0.56,0.27,0.6,0.34,0.2,0.24,0.4,0.39,0.3,0.44,0.3,0.34,0.28,0.68,0.71,0.51,0.38,0.38,0.45,0.34,0.28,1.45,0.39,0.26,0.55,0.34,NA,NA,NA,NA,NA,NA,NA,NA,NA,1.4,0.34,0.24,0.21,0.3,0.26,0.24,0.39,0.25,0.39,0.55,0.25,0.34,NA,NA,NA,NA,NA,0.37,0.35,0.28,0.33,0.26,1.19,0.32,0.89,0.35,0.28,0.28,0.19,0.39,0.37,0.36,0.22,0.34,0.22,29.4736842105
222,1,,0.36,0.22,0.39,0.24,0.3,0.37,0.47,0.25,0.36,0.33,0.25,0.35,0.49,0.33,0.36,0.31,0.44,0.31,0.35,0.37,0.2,0.66,0.48,0.46,0.38,0.19,0.39,0.27,0.25,0.38,0.26,1.73,0.44,0.31,0.38,0.29,0.34,0.51,1.41,0.82,0.34,0.23,0.29,0.4,0.77,0.42,0.5,0.23,0.29,0.26,0.35,0.26,0.43,0.48,0.46,0.85,0.13,0.37,0.68,0.14,0.22,0.5,1.05,0.23,0.24,0.24,0.65,0.76,0.64,0.1,0.66,1.03,0.7,0.47,0.19,0.24,0.37,0.15,0.36,0.41,0.28,0.4,0.33,0.56,0.32,0.68,0.25,0.2,0.19,0.31,0.43,0.29,0.57,0.41,0.32,0.0
223,2,,NA,NA,NA,NA,NA,0.3,1.95,0.35,0.54,0.52,NA,NA,NA,NA,NA,NA,NA,NA,NA,1.94,0.26,1.65,0.18,0.09,0.67,0.36,0.2,0.34,0.24,0.66,0.46,0.65,1.82,NA,NA,NA,NA,0.28,0.59,0.93,0.39,NA,NA,NA,NA,NA,0.57,1.04,0.29,0.26,2.26,0.24,0.31,0.19,0.31,0.67,0.82,0.25,0.87,0.43,0.59,0.23,0.42,0.43,NA,NA,NA,NA,0.15,0.45,0.14,0.25,0.3,0.14,0.37,0.16,0.15,0.46,0.45,0.33,2.72,0.26,0.21,1.69,0.53,0.3,0.31,0.24,1.77,0.25,0.3,0.46,0.24,0.28,0.37,28.4210526316
224,2,,0.16,1.5,1.51,0.33,0.36,0.49,0.43,0.37,0.52,0.44,0.29,0.4,0.38,0.48,0.41,0.4,0.43,0.39,0.48,0.42,0.34,0.4,0.38,0.28,0.45,0.42,0.26,0.45,0.32,0.46,0.35,1.62,0.32,0.57,0.48,0.45,NA,NA,NA,NA,NA,NA,NA,NA,NA,0.39,0.43,0.42,0.48,0.43,0.42,0.39,0.3,0.45,0.36,NA,NA,NA,NA,NA,NA,NA,NA,NA,NA,NA,NA,NA,1.31,0.82,0.38,0.47,NA,NA,NA,NA,NA,0.47,0.55,0.48,0.6,0.49,0.55,0.69,0.48,0.5,0.46,0.39,0.51,0.52,0.56,0.39,0.52,0.5,0.54,28.4210526316
225,2,,NA,NA,NA,NA,1.58,0.32,0.38,0.32,NA,NA,NA,NA,NA,NA,NA,NA,NA,NA,NA,NA,NA,NA,0.23,0.23,0.2,0.18,0.27,0.26,0.24,0.16,0.43,1.34,0.31,1.91,0.13,1.69,0.48,0.14,0.17,0.19,NA,NA,NA,NA,0.21,0.35,0.43,0.16,2.24,NA,NA,NA,NA,0.28,0.55,0.33,NA,NA,NA,NA,NA,NA,1.27,0.42,0.38,0.22,0.4,0.33,0.26,0.33,0.3,0.31,0.53,0.24,0.42,0.32,1.45,0.37,0.48,1.31,0.51,NA,NA,NA,NA,0.26,0.33,1.48,0.35,NA,NA,NA,NA,NA,42.5531914894
226,1,,NA,NA,NA,NA,NA,NA,NA,NA,NA,NA,NA,NA,NA,0.56,0.88,0.67,0.86,0.77,0.76,0.69,0.72,0.88,0.91,0.54,0.66,0.78,0.7,0.78,1.26,0.43,0.57,0.56,3.01,0.84,0.62,0.8,1.43,0.71,0.53,0.48,0.75,1.17,0.54,0.56,0.4,0.55,0.47,1.11,0.4,NA,NA,NA,NA,1.65,0.78,0.79,0.74,0.69,0.79,0.8,0.61,1.68,0.64,NA,NA,NA,NA,NA,NA,NA,NA,NA,NA,NA,NA,NA,0.64,0.62,0.87,0.75,0.83,0.68,0.65,0.91,0.58,NA,NA,NA,NA,NA,NA,NA,NA,NA,41.4893617021
227,2,,NA,NA,NA,NA,NA,NA,NA,NA,NA,NA,NA,NA,NA,NA,0.99,0.63,0.65,1.64,0.63,0.64,0.43,0.38,0.57,0.38,0.56,0.43,0.68,0.61,0.48,0.59,0.51,0.49,1.82,0.99,0.54,2.03,0.76,0.39,0.77,0.51,0.52,1.85,0.99,0.55,0.68,0.56,0.86,0.9,0.75,1.14,0.74,1.01,0.77,1.55,0.83,0.77,0.55,0.42,0.43,0.73,1.97,1.09,0.59,0.45,0.47,0.9,0.64,NA,NA,NA,NA,NA,NA,NA,NA,NA,0.43,0.39,0.54,0.45,0.93,0.6,0.33,1.45,0.66,NA,NA,NA,NA,NA,0.27,0.87,0.61,0.32,0.42,29.4736842105
230,2,,1.39,0.22,0.45,0.29,0.28,0.34,0.44,0.22,0.37,0.53,0.43,0.64,0.44,NA,NA,NA,NA,NA,0.36,0.5,0.36,1.23,0.28,0.36,0.3,0.63,0.44,0.57,1.12,1.1,1.02,0.51,0.45,0.55,0.57,0.4,0.69,NA,NA,NA,NA,0.37,0.98,0.3,0.71,0.42,0.72,1.25,0.56,0.46,NA,NA,NA,NA,NA,0.39,0.52,1.18,0.35,0.65,0.54,0.5,0.59,0.55,1.47,0.99,1.08,0.41,0.55,0.35,0.38,0.44,0.48,0.32,0.36,0.43,0.42,0.5,0.5,1.16,0.37,0.38,0.39,0.45,0.33,0.38,0.37,0.4,0.42,0.38,0.77,0.32,0.69,0.38,0.41,14.7368421053
231,1,,0.21,0.29,0.99,0.29,1.87,0.53,0.51,0.36,0.62,0.61,0.65,1.81,0.68,0.34,0.49,0.52,0.76,0.69,0.97,0.99,0.37,0.67,0.67,0.53,0.43,1.57,0.5,2.22,0.38,0.34,0.66,0.31,0.65,0.76,0.84,0.5,0.45,0.68,0.52,0.86,0.37,0.36,0.51,0.3,0.57,1.72,0.96,0.24,0.65,0.6,0.31,0.41,0.57,0.29,0.28,0.3,0.33,0.89,0.38,0.78,0.82,0.7,0.8,0.75,2.15,0.76,0.5,0.71,0.89,0.89,0.57,0.59,0.56,0.66,0.86,0.46,1.11,NA,NA,NA,NA,0.42,0.25,0.46,0.62,0.33,NA,NA,NA,NA,NA,NA,NA,NA,NA,13.6842105263
232,2,,NA,NA,NA,NA,NA,NA,NA,NA,NA,NA,NA,NA,NA,NA,1.68,0.48,0.46,0.41,0.4,0.63,0.42,0.38,0.85,NA,0.73,0.45,0.38,0.49,1.9,0.43,NA,1.69,0.74,0.49,1.68,0.42,0.51,0.42,0.66,0.4,0.58,0.46,0.45,0.85,0.37,0.26,0.4,0.37,0.45,NA,NA,NA,NA,NA,NA,NA,NA,NA,0.46,0.46,1.77,0.41,0.39,0.45,0.59,0.57,0.46,NA,NA,NA,NA,0.55,0.24,1.87,0.45,0.46,0.3,0.45,1.78,0.52,1.92,0.41,NA,0.75,0.48,0.38,0.47,1.71,0.41,0.41,0.43,1.97,0.57,0.3,28.7234042553
233,2,,0.97,0.37,0.18,0.1,0.23,0.66,0.33,0.22,0.14,0.39,0.23,1.15,0.18,0.28,0.32,1.01,0.43,0.21,0.23,0.4,0.16,0.24,0.42,0.21,0.36,1.24,0.62,0.13,0.31,0.4,0.87,0.3,0.35,0.9,0.4,0.11,1.02,0.42,0.22,0.26,0.15,0.34,0.34,0.15,0.23,0.31,0.36,0.29,0.15,0.24,0.38,0.88,0.75,0.26,0.18,0.3,0.21,0.09,0.22,0.38,0.51,0.79,0.56,1.38,0.12,0.15,0.17,0.17,0.5,0.25,1.11,0.22,0.51,0.22,0.59,0.04,0.32,0.58,0.63,0.85,0.66,0.29,0.05,1.96,1.07,0.5,0.18,0.96,0.6,1.41,0.82,0.47,0.3,0.36,0.42,0.0
234,2,,0.26,0.38,0.23,1.47,0.82,NA,NA,NA,NA,NA,0.43,0.21,0.16,1.27,0.21,0.54,0.36,0.53,0.26,1.48,1.68,0.65,0.2,NA,NA,NA,NA,NA,NA,NA,NA,NA,0.91,0.35,0.98,0.61,0.3,1.14,0.46,0.65,0.25,0.53,0.19,0.3,0.16,0.33,0.05,0.28,0.34,0.8,0.25,0.6,0.15,0.18,1.1,0.67,0.46,0.33,0.57,0.51,0.12,0.35,0.49,1.36,0.62,0.96,0.48,1.59,0.1,NA,NA,NA,NA,NA,NA,NA,NA,NA,NA,NA,NA,NA,0.15,0.41,0.36,0.38,1.03,0.39,0.09,0.43,0.1,0.84,0.29,0.67,0.88,28.4210526316
235,2,,0.22,0.17,0.35,0.21,0.28,0.27,0.28,0.25,0.18,0.25,0.26,0.17,0.27,0.27,0.17,0.19,0.31,0.18,0.24,0.23,0.26,0.29,0.22,0.26,0.27,0.19,0.25,0.23,0.39,0.22,0.27,0.34,0.2,0.27,0.25,0.33,0.19,0.22,0.18,0.28,0.68,0.28,0.32,0.23,0.26,0.27,0.35,0.43,0.23,0.25,0.3,1.23,0.2,0.23,0.4,0.25,0.32,0.17,0.26,0.29,0.3,0.28,0.21,0.23,0.26,0.33,0.2,0.6,0.24,0.27,0.25,0.27,0.33,0.23,0.31,0.28,0.26,0.28,0.33,0.25,NA,0.66,0.28,0.3,0.31,0.25,0.3,0.28,0.31,0.32,0.25,0.24,0.32,0.28,0.0
236,2,,NA,NA,NA,NA,NA,NA,NA,NA,NA,NA,NA,NA,NA,0.62,1.14,1.0,1.2,0.39,0.29,0.37,0.51,0.34,0.67,0.23,0.32,0.37,1.47,2.0,1.65,0.61,0.34,0.42,1.65,0.48,0.28,0.36,0.56,0.22,0.28,0.33,0.79,0.47,0.16,1.66,NA,NA,NA,NA,NA,0.36,0.18,0.24,0.27,0.2,2.12,1.47,0.37,0.72,NA,NA,NA,NA,NA,0.05,0.74,0.53,1.9,NA,NA,NA,NA,NA,0.36,0.31,0.34,0.61,0.37,0.54,0.42,0.46,0.36,0.44,0.29,1.47,0.47,0.44,0.39,0.3,1.54,1.42,0.97,0.38,0.43,0.36,0.82,29.4736842105
237,1,,1.35,1.03,0.22,0.17,0.21,0.49,0.58,0.25,0.19,0.14,1.06,0.63,0.46,0.09,0.06,0.53,0.2,0.09,0.14,0.28,0.07,0.23,0.06,NA,NA,NA,NA,1.25,0.33,0.18,0.82,0.17,NA,NA,NA,NA,NA,NA,NA,NA,NA,NA,NA,NA,NA,0.91,0.71,0.07,0.09,1.05,NA,NA,NA,NA,NA,0.29,0.26,0.16,0.06,NA,NA,NA,NA,0.11,0.24,0.04,0.3,0.28,0.6,0.18,1.09,0.25,0.39,0.11,0.28,0.48,0.44,0.18,1.18,0.24,0.1,0.44,0.73,0.26,0.05,0.68,0.08,0.3,0.28,0.18,1.53,0.24,0.16,0.31,27.6595744681
238,2,,1.07,1.71,2.52,0.4,0.48,2.73,0.36,0.31,0.35,0.26,0.73,0.23,NA,0.4,0.33,1.45,0.46,0.18,0.28,0.3,0.14,0.21,NA,NA,NA,NA,NA,0.48,0.35,0.26,0.18,NA,NA,NA,NA,NA,NA,NA,NA,NA,NA,NA,NA,NA,NA,NA,NA,NA,NA,NA,NA,NA,NA,NA,NA,NA,NA,NA,NA,NA,NA,NA,0.2,0.41,0.68,0.3,0.27,NA,NA,NA,NA,0.27,0.17,0.07,0.12,0.14,0.19,2.39,0.25,0.21,0.67,0.09,0.1,0.9,0.37,0.41,1.18,0.35,0.11,0.4,1.12,1.08,0.12,0.22,42.5531914894
239,2,,0.36,0.79,0.62,0.35,0.5,0.23,0.32,0.3,0.75,0.8,0.57,0.39,0.17,0.53,0.19,0.33,0.5,0.3,0.24,1.26,0.58,0.51,1.7,0.75,0.21,0.35,1.22,0.05,0.41,0.18,0.2,0.16,0.19,0.59,0.13,1.27,0.6,0.13,0.2,0.4,0.33,0.22,0.31,0.25,0.25,0.27,0.24,0.41,0.16,0.27,0.31,0.15,0.32,0.41,0.49,1.08,0.25,0.42,0.5,0.51,0.31,0.22,0.28,1.65,0.3,0.69,0.53,0.56,0.38,0.58,0.56,0.31,0.46,0.49,0.18,0.21,0.45,0.25,0.27,0.29,0.25,0.68,0.67,0.55,0.53,0.19,0.24,0.21,0.29,0.18,0.58,0.64,0.27,0.22,0.0
240,2,,0.3,0.35,1.98,0.48,0.55,2.07,0.36,0.49,0.5,0.4,0.45,0.32,0.51,0.47,0.53,1.87,0.31,0.33,0.4,0.44,0.28,0.32,0.5,0.27,0.36,0.4,0.35,0.46,0.44,0.52,0.28,0.39,0.31,0.33,0.5,0.33,0.34,0.38,0.34,0.29,0.39,1.72,0.37,0.21,1.7,NA,NA,NA,NA,NA,0.55,0.31,0.3,0.64,NA,NA,NA,NA,NA,0.39,0.33,0.52,0.45,0.68,1.82,0.51,0.26,0.33,0.34,0.58,0.41,0.4,NA,NA,NA,NA,NA,0.43,0.42,0.24,0.38,1.85,0.35,0.35,0.44,0.48,0.35,0.72,0.34,0.38,0.37,0.42,0.48,0.32,0.34,15.7894736842
241,1,,0.18,0.16,0.22,0.15,0.17,1.12,0.22,0.16,0.1,0.17,0.17,0.15,0.57,0.28,0.16,1.2,0.29,0.21,0.11,0.06,0.14,0.05,0.1,0.14,0.14,0.19,0.37,0.22,0.11,0.11,0.09,0.2,0.36,0.28,0.15,0.09,0.11,0.18,0.29,0.16,0.1,0.23,0.25,0.26,0.16,0.53,0.11,0.21,0.12,0.22,0.33,0.15,0.17,0.12,0.31,0.15,0.12,0.17,0.14,0.33,0.44,0.14,0.54,0.18,0.17,0.07,0.16,0.38,0.23,0.12,0.27,0.21,0.26,0.13,0.14,0.66,0.76,0.14,0.13,0.47,0.37,0.12,0.18,0.11,0.21,0.34,0.45,0.2,0.33,0.11,0.17,0.13,NA,0.93,0.48,0.0
242,2,,1.58,0.54,3.3,0.97,0.42,0.53,0.61,0.57,0.32,0.48,0.53,0.42,1.61,0.43,0.43,0.45,0.5,0.44,0.43,0.45,0.43,0.43,0.56,1.45,0.44,0.41,0.61,NA,NA,NA,NA,NA,NA,NA,NA,NA,1.59,0.42,0.41,0.44,0.53,NA,NA,NA,NA,0.33,0.37,0.32,0.45,0.43,NA,NA,NA,NA,0.5,0.48,0.62,0.46,0.43,NA,NA,NA,NA,NA,0.43,0.46,0.47,0.45,NA,NA,NA,NA,0.53,0.32,0.4,1.43,0.6,0.43,0.37,0.38,0.47,0.46,0.37,0.44,0.48,1.38,0.43,0.4,0.48,1.04,0.4,0.44,1.61,0.4,0.49,27.3684210526
243,2,,0.43,0.35,1.72,0.47,0.48,0.54,0.49,0.51,0.98,0.25,1.79,0.47,0.69,0.28,0.48,0.29,0.42,0.37,0.33,0.25,0.51,0.43,0.42,0.26,0.44,0.44,0.58,0.33,0.46,0.35,1.62,0.5,0.47,1.6,0.82,0.33,NA,NA,NA,NA,0.3,0.4,0.35,0.4,0.44,0.4,0.38,0.58,0.4,0.41,0.32,0.33,0.43,0.34,NA,NA,NA,NA,NA,0.41,0.36,0.71,0.3,0.44,0.28,0.37,0.41,0.31,0.25,0.47,0.37,0.49,NA,NA,NA,NA,NA,0.7,0.41,0.31,0.51,0.38,0.45,0.61,0.37,0.45,0.38,0.38,0.58,0.3,0.19,0.34,0.3,0.48,0.5,14.7368421053
244,2,,NA,NA,NA,NA,NA,NA,NA,NA,NA,NA,NA,NA,NA,0.42,0.84,0.92,0.37,0.52,0.51,0.38,0.4,1.77,0.38,0.43,1.49,0.57,0.31,0.57,0.73,0.39,0.67,1.64,0.51,0.5,0.43,0.49,0.41,0.28,0.61,0.84,1.48,0.42,0.37,0.58,0.46,0.46,0.52,0.37,0.26,0.5,0.6,0.26,0.39,1.2,0.57,1.56,0.32,0.51,0.5,0.28,0.5,0.28,0.6,1.77,0.92,0.47,0.45,2.0,0.58,0.27,1.73,0.66,0.61,0.87,0.63,0.44,0.24,0.61,0.43,0.54,0.76,0.49,1.12,0.47,0.59,2.05,0.96,0.29,1.84,1.29,0.51,0.37,0.42,0.23,13.829787234
245,2,,NA,NA,NA,NA,NA,NA,NA,NA,NA,0.85,2.08,0.7,0.39,0.76,NA,NA,NA,NA,0.45,0.69,0.57,0.81,0.57,0.45,0.56,0.51,2.65,0.55,0.52,0.59,0.49,2.61,0.32,0.62,0.69,2.36,0.49,2.8,0.65,0.63,0.61,0.71,0.7,1.92,0.53,0.66,0.48,1.47,0.57,0.99,0.61,0.58,0.6,1.14,1.98,0.83,0.51,0.65,0.5,0.93,0.78,0.82,2.09,0.74,0.54,0.6,0.73,0.75,0.6,2.57,0.41,2.17,0.38,0.49,0.72,0.51,0.6,2.13,0.48,0.86,0.69,0.62,0.53,0.53,0.73,0.5,0.66,0.47,0.72,0.61,0.97,0.83,2.12,0.56,0.82,13.6842105263
246,2,,NA,NA,NA,NA,NA,0.3,2.54,0.38,2.15,0.41,NA,NA,NA,NA,0.57,0.33,0.31,1.43,0.41,0.42,0.34,2.65,0.42,NA,NA,NA,NA,1.49,0.37,0.59,0.11,2.23,0.5,2.31,0.52,0.3,1.41,2.45,0.73,0.24,NA,NA,NA,NA,NA,0.25,0.39,0.26,1.42,0.71,0.56,0.32,1.5,0.91,0.39,0.2,0.27,0.49,1.31,0.47,0.35,0.3,0.51,0.67,0.23,3.02,0.46,3.5,0.53,0.5,0.23,0.61,NA,NA,NA,NA,0.29,1.53,0.78,0.4,NA,NA,NA,NA,NA,0.24,NA,0.16,0.26,0.29,0.19,0.2,0.76,0.08,28.7234042553
247,2,,0.5,0.47,1.72,0.91,0.48,0.56,1.61,0.48,0.4,0.42,1.97,0.8,0.49,0.59,0.54,0.52,0.46,2.01,0.41,0.5,1.94,0.94,0.37,0.41,0.33,0.52,1.81,0.74,0.36,0.45,0.42,0.73,0.72,0.55,0.7,0.53,0.34,0.42,0.28,0.41,0.39,0.35,0.54,0.46,1.79,0.63,1.13,0.57,0.34,0.49,0.38,0.54,0.55,0.38,NA,NA,NA,NA,NA,NA,NA,NA,NA,0.33,0.45,0.39,0.43,NA,NA,NA,NA,NA,0.29,0.41,0.37,0.58,0.4,0.76,0.51,0.49,1.57,1.03,2.77,0.75,0.28,0.56,0.89,0.8,0.45,0.57,0.32,0.39,0.51,0.49,14.8936170213
248,2,,0.28,1.18,0.4,0.29,1.34,0.35,0.35,0.37,0.44,0.22,0.28,0.26,0.44,0.32,0.29,0.26,0.36,0.35,0.42,0.25,0.25,0.4,0.36,0.34,0.27,0.29,0.82,0.6,0.23,0.29,0.26,0.25,0.32,0.24,0.34,0.3,NA,NA,NA,NA,0.28,0.31,0.27,0.58,0.4,0.2,0.25,0.82,0.18,0.21,NA,NA,NA,NA,NA,NA,NA,NA,0.2,0.22,0.3,0.21,0.12,NA,NA,NA,NA,NA,0.18,0.25,0.22,0.31,0.21,0.27,0.23,0.2,0.35,0.22,1.15,0.67,0.23,0.25,0.22,0.27,0.16,0.55,NA,NA,NA,NA,NA,NA,NA,NA,NA,27.3684210526
249,2,,0.06,0.25,1.97,0.08,0.23,0.31,1.15,0.28,0.32,NA,NA,NA,NA,NA,NA,NA,NA,NA,0.28,0.32,0.39,0.23,0.27,0.54,0.14,0.17,0.17,0.22,0.8,0.22,0.26,0.24,0.48,0.46,0.36,0.25,0.17,0.28,0.26,0.2,0.21,0.34,0.31,1.53,0.28,0.32,NA,NA,NA,NA,0.39,0.2,0.28,0.2,0.39,0.25,0.25,0.23,0.24,0.21,0.28,0.1,0.23,0.26,0.19,0.26,0.42,0.34,0.31,0.16,0.19,0.28,0.49,0.25,0.21,0.12,0.19,0.2,1.08,0.72,0.52,0.41,0.26,0.25,0.15,0.23,0.45,0.09,0.12,0.12,0.13,0.39,0.04,0.06,0.15,13.6842105263
250,2,,1.69,2.91,0.78,0.46,0.51,0.77,1.55,3.71,0.8,1.61,0.8,1.57,0.5,0.46,1.69,0.53,0.52,0.5,NA,NA,NA,NA,NA,1.15,3.12,1.05,1.98,0.4,1.8,0.53,0.48,1.9,NA,NA,NA,NA,NA,NA,NA,NA,NA,NA,NA,NA,NA,NA,NA,NA,NA,NA,NA,NA,NA,NA,0.26,1.32,2.21,0.5,1.31,0.81,0.44,0.53,0.69,0.38,0.59,0.34,1.4,0.46,1.22,0.47,1.21,0.5,0.47,0.66,0.36,2.33,1.52,NA,0.41,0.35,1.66,0.45,NA,2.54,0.34,0.47,0.4,0.29,0.54,3.24,0.69,0.36,3.72,0.66,0.48,28.4210526316
251,2,,NA,NA,0.19,0.39,NA,0.25,0.33,3.59,0.52,0.41,NA,0.47,0.61,0.56,0.7,0.81,0.59,0.6,0.53,0.49,NA,0.51,0.43,0.54,0.49,0.73,NA,NA,NA,NA,NA,NA,NA,NA,NA,NA,NA,NA,NA,NA,NA,NA,NA,NA,NA,NA,NA,NA,NA,NA,NA,NA,NA,NA,0.32,0.42,0.38,3.0,0.39,0.41,0.33,0.4,0.42,0.31,0.23,0.26,0.21,0.35,0.33,0.35,2.11,0.41,0.46,0.5,0.37,0.48,2.14,0.52,0.37,0.31,0.16,NA,NA,NA,NA,NA,NA,NA,NA,NA,NA,NA,NA,NA,43.6170212766
252,2,,NA,NA,NA,NA,0.18,2.72,0.24,0.02,NA,NA,NA,NA,NA,NA,NA,NA,NA,NA,0.17,0.61,0.22,0.65,1.51,0.27,2.56,0.31,NA,NA,NA,NA,NA,NA,NA,NA,NA,1.49,1.13,1.5,0.19,1.55,NA,NA,NA,NA,0.19,0.12,0.13,0.12,0.17,NA,NA,NA,NA,NA,0.11,0.01,0.09,1.26,NA,NA,NA,NA,NA,0.17,0.12,0.19,0.13,1.59,0.16,0.13,0.13,1.3,NA,NA,NA,NA,NA,1.56,0.22,0.27,0.34,0.89,1.56,0.26,0.13,0.33,0.33,0.2,2.08,0.57,0.4,0.24,0.38,0.15,44.6808510638
253,1,,0.57,0.45,1.83,0.58,1.09,0.53,0.53,0.5,0.5,0.57,0.56,1.06,0.59,0.49,0.65,0.43,0.53,0.54,0.5,0.61,0.56,0.46,0.66,0.52,0.51,0.95,0.86,0.59,0.48,0.57,0.48,3.02,1.36,0.56,0.32,0.51,0.33,0.5,0.53,0.45,0.51,0.4,0.56,0.49,0.64,0.4,0.47,0.56,0.43,0.58,0.47,0.5,0.47,0.41,0.69,NA,NA,NA,NA,NA,NA,NA,NA,NA,0.6,0.44,0.72,0.59,0.52,0.5,0.53,0.46,0.49,0.87,0.44,0.66,0.58,NA,NA,NA,NA,0.52,0.6,0.53,0.58,0.48,0.53,0.57,0.43,0.47,0.48,0.43,0.62,1.55,0.54,13.6842105263
254,1,,0.18,0.17,NA,0.2,0.14,0.21,0.18,1.29,2.45,0.26,1.41,1.39,0.31,0.17,0.21,0.28,0.26,0.23,0.72,3.4,0.23,0.24,0.23,0.12,0.24,0.31,1.05,0.28,0.41,0.1,0.35,0.27,NA,2.67,0.22,0.51,0.08,0.14,1.59,0.12,0.33,0.22,0.09,0.16,0.94,NA,0.18,0.3,0.05,0.08,1.29,0.09,0.07,NA,NA,NA,NA,NA,NA,NA,NA,NA,NA,0.11,2.24,0.04,0.12,0.19,0.39,0.75,0.28,1.14,0.2,0.33,0.27,1.42,0.19,NA,NA,NA,NA,0.26,3.65,0.31,0.07,0.16,0.27,0.11,0.1,0.24,0.2,0.13,0.17,1.08,0.6,14.7368421053
255,2,,0.31,0.3,0.54,2.97,0.7,0.34,NA,0.25,0.36,0.67,0.45,0.36,1.61,0.28,0.46,0.29,0.31,0.32,0.23,0.25,0.24,0.23,0.54,0.86,0.37,0.55,0.25,0.56,0.22,0.27,0.35,0.32,0.42,0.28,0.37,0.19,0.27,0.21,0.28,0.28,0.3,0.65,0.12,0.22,0.16,0.17,0.22,0.18,0.18,1.74,0.25,0.16,0.67,0.57,0.48,0.72,0.62,0.27,0.82,0.71,0.74,0.21,0.8,0.11,0.25,0.21,0.21,NA,NA,NA,NA,NA,NA,NA,NA,NA,NA,NA,NA,NA,NA,0.09,0.2,0.2,0.15,0.14,0.13,0.29,0.34,0.15,0.34,0.59,0.31,0.23,0.16,14.7368421053
256,1,,NA,NA,NA,NA,NA,NA,NA,NA,NA,0.34,0.4,0.32,0.49,1.27,0.37,0.38,0.48,0.28,0.38,0.55,0.4,0.6,0.41,0.39,0.41,0.41,0.44,NA,NA,NA,NA,NA,NA,NA,NA,NA,NA,1.13,0.44,0.44,0.36,NA,NA,NA,NA,NA,0.35,0.55,1.48,0.43,0.44,0.34,0.43,1.93,0.35,0.39,0.37,0.76,0.39,0.41,0.39,0.38,0.33,0.36,0.41,0.38,0.36,0.38,NA,NA,NA,NA,0.56,0.47,0.39,0.49,0.37,0.36,0.39,0.43,0.43,0.33,0.55,0.55,0.34,0.62,0.35,0.39,0.38,0.78,0.54,0.47,0.66,0.46,0.43,29.4736842105
257,2,,0.34,0.95,0.16,1.19,0.39,0.29,1.58,0.44,0.22,0.46,1.44,0.26,0.64,0.3,0.34,0.52,0.42,0.33,0.24,0.32,0.4,0.23,0.47,0.24,1.15,0.3,0.33,0.2,0.39,0.56,0.29,1.03,1.03,0.53,0.33,0.84,0.21,0.48,0.39,1.01,0.41,0.54,0.51,0.53,0.27,0.32,1.15,0.69,0.24,0.37,0.25,0.27,0.26,1.14,0.42,0.32,0.34,0.4,0.44,0.27,0.65,0.3,0.26,0.42,0.71,0.89,0.36,NA,NA,NA,NA,NA,NA,NA,NA,NA,NA,0.34,0.97,0.33,1.38,NA,NA,NA,NA,NA,0.6,0.32,0.29,1.63,0.25,0.33,0.35,0.38,0.83,15.7894736842
258,2,,0.35,0.18,0.21,0.4,NA,0.37,1.03,0.36,0.09,0.35,0.13,0.07,0.25,1.01,NA,NA,NA,NA,0.08,1.13,0.23,0.07,0.05,NA,NA,NA,NA,NA,NA,NA,NA,NA,0.14,0.16,0.02,0.14,0.06,0.39,0.01,0.05,0.14,0.12,0.3,0.26,0.46,0.17,0.27,0.19,0.1,0.11,0.31,0.05,0.21,0.1,1.03,0.16,0.08,0.19,1.06,0.8,0.15,0.14,1.02,0.12,0.88,0.71,0.19,2.18,0.15,1.08,0.6,0.58,0.1,0.61,0.3,0.29,0.23,0.59,0.49,0.25,1.13,0.27,0.43,0.2,0.19,0.36,0.28,0.01,0.11,0.07,0.11,0.16,0.07,0.29,13.829787234
259,2,,NA,NA,NA,NA,NA,NA,NA,NA,NA,NA,NA,NA,NA,NA,NA,NA,NA,NA,NA,NA,NA,NA,NA,NA,NA,NA,NA,NA,NA,NA,NA,NA,NA,NA,NA,NA,NA,NA,NA,NA,NA,NA,NA,NA,NA,NA,NA,NA,NA,NA,NA,NA,NA,NA,NA,NA,NA,NA,NA,NA,NA,NA,NA,NA,NA,NA,NA,NA,NA,NA,NA,NA,NA,NA,NA,NA,NA,NA,NA,NA,NA,NA,NA,NA,NA,NA,NA,NA,NA,NA,NA,NA,NA,NA,0.0
260,1,,1.97,0.36,0.6,0.38,0.38,0.33,0.75,0.94,0.56,0.94,0.27,0.18,0.29,0.21,0.19,0.55,0.57,0.26,0.22,0.58,0.63,0.88,0.31,0.18,0.89,0.62,NA,NA,NA,NA,NA,0.18,2.18,1.28,0.34,0.41,NA,NA,NA,NA,0.75,1.21,0.61,1.25,0.3,NA,NA,NA,NA,NA,0.76,0.72,0.31,0.44,0.23,0.77,0.17,0.19,1.56,0.34,1.07,0.23,0.22,0.28,0.89,0.35,0.51,0.46,0.79,0.33,0.82,0.37,0.54,1.56,0.48,0.87,0.25,0.21,0.46,0.49,0.21,0.44,0.53,0.58,0.52,1.26,1.21,0.65,0.43,0.3,0.31,0.44,0.46,0.35,0.25,14.7368421053
261,2,,NA,NA,NA,NA,0.52,0.21,0.29,0.15,2.4,NA,NA,NA,NA,NA,NA,NA,NA,NA,0.44,0.26,0.43,0.41,0.35,2.0,2.79,3.23,0.23,0.34,0.33,0.41,0.61,2.73,0.75,0.56,0.43,0.5,NA,NA,NA,NA,NA,NA,NA,NA,NA,0.55,0.19,0.16,0.06,2.83,NA,NA,NA,NA,NA,NA,NA,NA,0.21,0.22,0.91,NA,0.97,NA,NA,NA,NA,NA,NA,NA,NA,NA,NA,NA,NA,NA,NA,NA,NA,NA,NA,NA,NA,NA,NA,NA,1.27,1.13,0.3,0.19,0.42,0.69,0.24,0.81,56.3829787234
262,2,,0.42,1.4,0.44,0.49,0.38,0.46,0.4,0.33,0.42,0.29,1.37,0.36,0.46,0.42,0.41,1.34,0.42,0.36,1.74,0.39,0.34,1.52,0.61,0.63,0.48,0.49,0.4,0.46,0.49,0.42,0.49,0.54,0.38,0.31,0.51,1.34,NA,NA,NA,NA,0.55,0.67,1.8,1.75,0.46,NA,NA,NA,NA,0.34,0.41,0.42,1.44,0.55,NA,NA,NA,NA,0.62,0.5,0.41,0.38,1.41,0.42,0.54,0.42,1.29,0.77,0.35,0.43,0.35,0.4,0.63,0.4,1.55,0.68,0.54,0.4,1.31,0.39,0.43,0.42,0.63,1.51,0.45,1.77,0.44,0.53,0.54,0.53,0.36,0.38,0.39,0.55,12.7659574468
263,1,,0.03,1.18,0.35,0.16,0.1,0.2,0.17,0.2,0.05,1.24,0.12,0.41,0.19,0.19,0.11,0.26,0.07,0.05,0.03,0.15,0.16,0.2,0.17,0.19,NA,0.17,0.13,NA,0.14,0.14,0.22,0.55,0.19,0.1,0.33,0.08,NA,NA,NA,NA,NA,0.33,0.13,1.18,0.42,NA,NA,NA,NA,NA,NA,NA,NA,NA,NA,0.43,1.32,0.15,0.39,1.3,0.25,0.26,0.28,0.23,0.07,0.47,0.22,0.05,0.13,0.22,0.17,0.1,0.07,0.15,0.11,0.26,0.23,0.15,0.24,0.32,0.42,0.95,0.29,0.4,0.35,0.23,0.08,0.1,0.04,0.18,0.19,0.48,0.61,0.09,0.24,15.7894736842
264,2,,0.1,0.4,0.21,0.39,0.28,0.28,0.17,0.2,0.5,0.16,0.25,0.18,0.27,0.63,0.69,0.5,0.25,0.6,0.5,0.26,1.38,0.1,1.41,0.13,0.35,0.17,0.41,0.26,0.19,0.17,0.2,0.2,1.38,0.17,0.21,0.4,NA,NA,NA,NA,0.33,1.68,0.4,0.31,0.17,0.86,0.09,0.35,0.4,0.16,0.56,0.12,0.1,0.13,0.28,0.15,0.16,0.19,0.37,0.16,0.64,0.17,0.33,NA,NA,NA,NA,0.44,0.13,1.71,0.16,0.24,NA,NA,NA,NA,NA,0.21,0.61,0.23,0.28,0.21,0.17,0.41,0.13,0.19,1.18,0.13,0.65,0.08,0.95,0.3,0.61,0.2,1.12,13.6842105263
265,2,,0.15,0.13,0.36,0.38,1.03,0.26,0.17,1.38,0.13,0.09,0.25,0.17,0.21,0.14,0.14,0.11,0.07,0.23,0.16,0.23,0.34,0.22,0.98,0.1,0.06,1.07,0.13,0.31,0.22,0.12,1.0,0.29,0.11,0.21,0.04,0.22,0.11,0.16,1.4,0.27,0.27,0.17,0.03,0.25,0.24,0.16,0.1,1.07,0.11,0.15,0.55,0.57,0.09,0.26,0.42,0.28,0.33,0.35,0.18,0.17,0.1,0.14,0.2,NA,NA,NA,NA,0.12,0.16,0.05,0.15,0.05,0.39,0.89,0.22,0.13,1.29,0.11,0.01,0.02,0.27,0.16,0.99,0.28,1.26,NA,NA,NA,NA,NA,NA,NA,NA,NA,NA,14.7368421053
266,2,,1.44,0.24,0.15,0.19,0.18,0.24,0.27,0.13,0.28,0.23,0.2,0.29,0.23,0.4,0.23,0.41,0.19,0.23,0.22,0.2,0.2,0.4,0.53,0.39,0.27,0.27,0.25,NA,NA,NA,NA,NA,NA,NA,NA,NA,0.31,0.29,0.46,0.36,NA,NA,NA,NA,NA,0.38,0.22,0.44,0.34,0.75,0.51,0.2,0.31,0.98,0.42,0.33,0.35,0.2,0.24,0.37,0.24,0.84,0.72,0.36,0.26,0.92,0.67,0.36,0.18,0.23,0.33,0.42,0.28,0.17,0.25,0.55,0.29,0.48,0.4,1.11,0.32,0.32,0.28,0.37,0.27,0.16,0.19,0.24,0.21,0.3,0.32,0.21,0.2,0.17,0.25,14.7368421053
267,2,,NA,NA,NA,NA,NA,NA,NA,NA,NA,NA,NA,NA,NA,NA,0.36,0.17,0.26,1.27,0.83,0.71,0.32,0.45,0.71,0.92,0.82,0.73,0.98,0.37,0.74,0.26,0.27,0.21,0.79,1.06,0.27,0.19,0.28,0.28,0.44,0.26,0.36,0.27,1.38,2.9,1.17,0.36,0.45,0.52,0.32,0.81,0.24,1.47,0.35,NA,NA,NA,NA,NA,NA,NA,NA,NA,NA,1.07,0.35,0.5,0.27,NA,NA,NA,NA,NA,0.58,0.27,0.7,0.78,1.51,0.99,0.43,0.7,0.26,0.53,0.31,0.63,0.54,0.17,0.87,0.94,0.36,0.34,0.38,2.07,0.4,0.68,1.11,30.5263157895
268,2,,2.15,0.59,2.48,0.66,0.48,0.47,0.52,0.62,0.5,0.44,0.48,0.94,0.33,2.25,2.32,0.6,0.53,0.53,0.5,0.39,0.59,0.47,NA,NA,NA,NA,0.67,0.46,0.54,NA,0.54,NA,NA,NA,NA,NA,0.46,0.8,0.43,0.68,0.42,0.53,0.71,0.59,NA,NA,NA,NA,NA,NA,NA,NA,NA,NA,NA,NA,NA,NA,0.61,0.63,0.59,0.64,0.56,0.67,0.49,0.8,0.52,0.46,0.88,2.17,0.48,NA,NA,NA,NA,0.61,0.39,0.54,0.63,0.88,0.78,0.24,0.69,0.49,0.92,0.78,0.5,0.53,0.5,0.59,0.79,0.6,0.68,0.63,28.7234042553
269,2,,0.36,0.25,0.34,0.28,0.29,0.36,0.42,0.37,2.07,0.38,0.34,0.31,0.54,0.42,0.26,0.45,0.33,0.43,0.34,0.37,0.37,0.34,0.35,0.35,0.61,0.38,0.26,0.37,0.45,0.26,0.34,0.85,0.21,0.39,0.31,0.48,0.31,0.4,0.37,0.32,0.37,0.52,0.36,3.08,0.28,0.27,0.39,0.31,0.42,0.27,0.44,0.31,0.42,0.61,0.37,0.47,0.28,0.26,0.49,0.64,0.22,1.31,0.34,0.42,0.32,0.68,0.36,0.66,0.2,0.53,0.47,0.76,0.24,0.28,0.41,0.41,0.39,0.61,0.37,0.9,0.25,0.33,0.44,0.31,2.02,0.71,0.43,0.56,0.34,0.46,0.33,0.49,0.35,0.4,0.5,0.0
270,2,,1.07,0.26,0.2,0.2,0.31,0.26,0.24,1.01,0.13,0.18,1.2,0.18,0.43,0.23,0.46,0.09,1.06,NA,NA,NA,NA,NA,1.44,0.23,1.33,0.49,0.2,0.33,1.45,0.23,0.32,NA,NA,NA,NA,0.24,1.04,0.53,0.18,1.11,0.19,0.21,0.37,1.05,0.29,0.26,0.37,0.24,0.37,0.29,0.36,0.14,0.4,0.17,0.17,0.14,0.16,0.22,NA,NA,NA,NA,1.64,0.54,0.23,1.09,0.16,0.35,0.11,0.58,0.28,0.08,1.05,0.17,0.14,0.14,0.39,0.1,1.03,2.34,0.23,0.43,0.23,0.29,0.14,0.15,0.18,0.31,0.29,0.28,0.16,0.83,0.14,0.6,13.829787234
271,2,,0.22,0.73,1.24,0.27,0.79,0.24,0.41,0.31,0.24,1.48,0.23,0.05,0.37,0.29,0.3,0.77,1.47,0.88,0.25,0.26,0.57,0.09,0.5,0.08,1.63,0.3,0.3,0.28,0.39,0.38,1.39,0.14,0.28,0.37,0.38,0.19,0.72,0.3,0.5,0.25,0.17,NA,NA,NA,NA,1.48,0.09,0.11,0.21,0.19,0.21,0.57,0.39,0.65,0.43,0.25,0.26,0.25,NA,NA,NA,NA,NA,0.36,0.16,0.33,0.11,0.3,NA,NA,NA,NA,1.03,0.29,0.23,0.29,0.35,0.24,0.29,0.31,0.13,0.47,0.04,1.62,0.21,0.51,0.56,0.3,0.16,0.88,1.08,0.58,1.0,0.13,13.829787234
272,2,,1.46,0.22,0.21,1.03,0.25,0.18,0.33,0.33,0.24,0.23,1.29,0.31,0.28,0.31,0.32,1.08,0.36,0.26,0.42,1.19,0.39,0.3,NA,NA,NA,NA,NA,0.41,0.34,0.48,1.2,0.45,1.21,0.22,0.26,0.3,0.23,2.13,0.35,0.18,0.18,NA,NA,NA,NA,0.84,0.13,0.16,0.15,0.16,NA,NA,NA,NA,0.19,0.15,0.35,0.14,0.32,1.02,0.15,0.2,0.54,NA,NA,NA,NA,0.41,0.53,0.13,0.19,NA,NA,NA,NA,NA,1.33,0.29,0.24,0.11,0.98,NA,NA,NA,NA,0.13,0.54,0.63,0.11,0.19,1.17,1.37,1.88,0.13,27.6595744681
273,2,,1.33,0.42,0.22,0.77,0.46,0.24,1.65,0.19,0.46,0.21,0.35,1.98,0.32,0.44,NA,NA,NA,NA,NA,0.43,0.48,3.45,0.36,NA,NA,NA,NA,0.41,1.55,0.45,0.48,1.65,0.52,1.71,0.77,0.2,0.23,0.28,0.21,0.42,0.23,NA,NA,NA,NA,NA,1.54,0.48,0.18,3.11,0.43,0.33,0.5,1.6,0.81,0.31,3.48,0.48,1.24,0.16,1.85,0.37,0.44,0.55,1.4,0.38,0.45,1.66,1.66,0.49,1.63,0.28,0.36,0.14,0.22,0.32,1.43,0.29,2.79,0.33,0.29,0.16,0.05,0.18,0.16,0.41,0.13,1.27,0.47,1.45,0.35,0.43,1.21,1.97,3.68,14.7368421053
274,2,,NA,NA,NA,NA,NA,NA,NA,NA,NA,NA,NA,NA,NA,0.27,0.39,1.57,0.57,0.17,NA,NA,NA,NA,0.34,0.55,0.25,0.58,0.35,1.37,0.62,1.56,0.58,NA,NA,NA,NA,NA,NA,NA,NA,NA,0.4,1.27,0.62,0.26,0.29,0.26,0.22,0.27,0.28,0.15,0.13,1.37,0.42,1.44,0.29,0.27,0.28,0.35,0.78,0.45,0.41,0.32,0.31,0.28,0.33,0.49,0.29,0.26,0.4,0.49,0.2,0.47,0.44,0.24,1.4,0.62,1.56,0.71,0.07,0.16,0.37,0.31,0.25,0.14,0.34,0.29,0.58,0.5,0.42,0.27,0.21,0.65,0.13,0.07,27.6595744681
275,2,,1.29,2.0,0.3,0.22,0.2,0.19,0.23,1.45,0.64,0.28,0.28,0.31,1.69,0.31,0.31,0.29,0.18,0.19,NA,NA,NA,NA,NA,0.56,0.13,0.24,0.18,0.26,0.67,0.33,0.13,0.22,NA,NA,NA,NA,1.74,0.31,0.32,0.35,0.21,NA,NA,NA,NA,NA,NA,NA,NA,NA,NA,NA,NA,NA,NA,NA,NA,NA,NA,0.25,0.3,0.34,0.5,0.28,0.18,0.23,0.77,1.03,0.32,0.46,0.27,0.67,0.48,0.17,0.47,0.32,1.63,0.51,0.26,0.1,0.27,0.25,0.17,0.29,0.22,0.13,0.24,0.41,0.1,0.62,0.11,2.23,0.86,0.25,0.21,28.4210526316
276,2,,NA,NA,NA,NA,NA,NA,NA,NA,NA,0.45,0.31,0.38,0.41,0.42,1.22,0.63,0.32,NA,NA,NA,NA,NA,0.32,0.56,0.32,0.38,NA,NA,NA,NA,1.35,0.56,0.44,0.38,0.31,0.37,0.49,0.36,0.35,NA,NA,NA,NA,0.33,0.44,0.32,0.34,0.48,0.31,1.36,0.42,0.57,0.31,1.36,0.29,0.29,0.44,0.31,0.39,0.35,0.36,0.29,NA,NA,NA,NA,NA,0.56,0.31,1.39,0.56,0.36,0.3,1.36,0.43,0.46,1.33,0.48,0.31,0.3,0.43,1.35,0.44,0.3,0.35,1.4,0.35,0.34,0.38,0.26,0.55,0.35,0.35,0.41,0.4,28.4210526316
277,2,,NA,NA,NA,NA,0.16,1.39,0.38,0.43,NA,NA,NA,NA,NA,0.28,0.27,0.42,0.39,0.27,NA,NA,NA,NA,0.34,0.29,0.25,1.61,1.02,0.52,0.36,0.45,0.31,NA,NA,NA,NA,NA,NA,NA,NA,NA,0.31,0.37,0.26,0.31,0.36,1.51,0.4,0.31,0.39,0.41,0.29,0.26,0.78,0.26,0.33,0.29,0.33,0.49,0.22,0.35,0.99,0.92,0.18,NA,NA,NA,NA,0.52,2.33,0.31,0.61,0.21,0.3,0.24,0.27,0.36,0.24,0.3,0.3,0.38,1.11,0.55,0.28,0.19,0.19,1.36,0.32,0.7,0.24,0.42,0.26,0.28,0.23,0.17,0.35,27.3684210526
278,2,,NA,NA,NA,NA,NA,NA,NA,NA,NA,NA,NA,NA,NA,NA,2.6,0.35,0.33,1.44,0.41,0.67,0.45,0.44,0.46,0.64,0.53,0.47,1.36,0.63,0.65,1.37,0.45,0.99,0.4,1.59,0.69,0.46,0.7,0.9,0.71,0.84,0.97,1.28,0.44,0.49,0.78,0.35,0.54,0.73,0.46,0.44,1.58,0.4,0.44,0.83,NA,NA,NA,NA,NA,NA,NA,NA,NA,NA,NA,NA,NA,0.4,0.51,0.61,0.43,0.44,0.34,1.41,0.8,0.55,1.34,0.59,0.48,0.61,0.57,0.64,0.77,0.24,0.25,0.21,0.73,0.52,2.97,0.7,1.22,0.68,0.3,0.29,28.7234042553
279,2,,NA,0.81,3.29,0.56,2.55,NA,0.73,0.38,0.24,0.37,0.47,0.43,0.32,0.31,0.52,0.48,0.27,0.24,0.29,0.21,0.4,0.46,NA,NA,NA,NA,NA,NA,NA,NA,NA,0.46,0.38,2.39,0.64,0.62,0.37,2.18,0.17,0.56,0.57,NA,NA,NA,NA,NA,NA,NA,NA,NA,0.3,0.31,0.28,0.2,NA,NA,NA,NA,NA,0.41,0.2,0.23,0.2,1.52,0.14,0.38,0.44,NA,NA,NA,NA,NA,0.27,2.01,0.27,0.31,0.43,0.59,0.34,0.25,0.19,NA,NA,NA,NA,NA,NA,NA,NA,NA,NA,NA,NA,NA,NA,44.2105263158
280,2,,NA,NA,NA,NA,NA,NA,NA,NA,NA,0.24,0.45,0.27,1.61,NA,NA,NA,NA,NA,0.39,0.28,0.87,0.5,NA,NA,NA,NA,0.28,0.37,0.37,0.43,0.32,0.45,0.44,0.36,0.47,0.51,0.69,0.19,0.53,0.31,NA,NA,NA,NA,0.38,0.81,1.15,0.27,0.4,NA,NA,NA,NA,NA,0.46,0.35,0.31,0.37,0.46,0.21,0.32,0.44,1.52,0.36,0.31,0.57,0.19,NA,NA,NA,NA,NA,NA,NA,NA,NA,0.69,0.14,0.63,0.26,0.34,NA,NA,NA,NA,0.41,0.36,0.27,0.68,1.87,0.58,0.56,0.37,0.5,42.5531914894
281,2,,0.4,0.42,0.43,0.32,2.43,0.42,0.18,0.29,0.23,0.25,2.33,0.44,0.31,0.38,2.39,0.44,0.37,0.19,NA,0.72,0.1,0.54,0.29,0.13,0.24,1.77,0.28,0.19,0.31,0.35,1.6,2.56,0.51,0.26,0.32,0.38,0.27,0.28,0.42,0.47,0.24,0.31,0.58,0.32,0.53,0.75,0.6,3.09,0.37,0.31,2.76,0.93,0.59,0.16,0.29,0.19,0.23,0.23,1.18,NA,NA,NA,NA,NA,0.5,0.3,1.2,0.32,3.09,0.38,0.24,2.55,0.22,0.36,1.0,NA,1.67,0.62,NA,1.93,NA,1.95,NA,NA,NA,NA,2.68,0.36,0.65,1.25,0.37,NA,NA,NA,NA,13.6842105263
282,2,,0.3,0.2,0.24,0.42,0.33,1.19,0.2,0.34,0.41,0.38,0.26,0.15,0.37,0.27,0.25,0.39,1.07,0.6,0.28,0.79,0.22,0.61,0.18,0.27,0.21,0.41,0.21,0.21,0.27,0.4,0.33,0.55,0.76,0.6,0.51,0.32,0.42,0.19,0.53,0.63,0.25,0.51,0.35,0.55,0.38,0.29,0.52,0.37,0.29,0.36,0.29,0.55,0.2,0.2,0.33,0.69,0.58,1.05,0.5,0.26,0.42,0.31,0.36,0.56,0.31,0.47,0.35,0.31,0.28,0.24,0.58,0.91,0.54,0.44,0.72,0.19,0.26,0.17,0.24,0.51,0.33,0.37,0.71,0.35,0.37,0.87,0.27,0.58,0.63,0.33,0.52,0.28,0.4,0.59,0.0
283,2,,NA,NA,NA,NA,0.82,0.72,0.69,2.34,0.77,NA,NA,NA,NA,NA,NA,NA,NA,NA,0.51,1.71,1.32,0.42,0.43,1.4,1.18,0.49,0.4,NA,NA,NA,NA,NA,0.62,0.6,0.51,0.51,0.66,NA,NA,NA,NA,0.61,0.66,0.78,1.91,NA,NA,NA,NA,NA,2.09,1.25,0.7,1.61,0.89,0.71,0.49,0.8,1.88,0.83,0.5,0.72,0.53,0.67,0.65,0.99,0.56,0.76,0.73,0.65,0.52,0.65,0.58,0.54,0.53,0.66,0.59,0.52,0.92,0.75,0.57,0.57,0.49,0.82,0.57,0.48,0.45,0.5,0.52,1.88,0.67,0.4,0.55,0.36,28.7234042553
284,2,,1.29,0.21,0.24,0.36,0.22,0.53,0.09,0.19,0.3,1.04,0.32,0.26,0.22,NA,NA,NA,NA,NA,0.51,0.3,1.34,0.51,0.25,0.18,0.24,0.23,0.13,0.17,0.2,0.19,0.18,0.31,1.22,1.56,0.24,0.93,0.1,1.33,0.95,0.18,NA,NA,NA,NA,NA,NA,NA,NA,NA,1.39,0.24,0.31,0.2,0.5,0.68,1.2,0.08,0.19,0.15,0.2,0.07,0.49,0.19,0.22,0.1,0.37,0.05,0.3,0.49,0.07,0.47,1.59,0.15,0.19,0.24,0.4,1.5,0.7,0.2,0.43,0.06,0.19,1.68,0.32,1.66,0.45,0.23,2.68,0.4,0.46,0.22,1.29,0.26,0.31,14.8936170213
285,1,,NA,NA,NA,NA,NA,NA,NA,NA,NA,NA,NA,NA,NA,0.39,0.34,0.44,0.47,0.38,0.39,0.32,0.39,0.36,0.42,0.71,0.53,0.29,0.28,0.41,0.32,0.52,0.36,0.35,0.43,0.35,0.33,0.44,0.35,0.3,0.41,0.4,0.57,0.45,0.43,0.34,0.85,0.36,0.43,0.48,0.63,0.76,0.38,0.33,0.36,0.45,0.36,0.43,0.42,1.73,0.41,0.45,0.84,0.39,0.42,0.34,0.43,0.4,0.38,0.37,1.19,0.32,0.49,0.41,0.37,0.45,0.68,0.41,NA,NA,NA,NA,0.41,0.78,1.78,0.42,0.45,NA,NA,NA,NA,NA,NA,NA,NA,NA,27.6595744681
286,1,,1.77,0.33,0.3,NA,0.27,0.42,0.24,0.28,0.55,0.19,0.23,0.27,0.15,0.19,0.22,0.24,0.36,0.28,0.16,0.36,0.38,0.16,0.45,0.65,NA,NA,NA,NA,NA,NA,NA,NA,0.45,0.32,0.33,0.36,0.71,NA,NA,NA,NA,0.08,0.6,0.38,0.35,0.16,0.21,0.18,0.36,0.22,0.47,0.51,0.84,0.51,0.14,0.17,0.86,0.11,0.22,0.17,0.16,0.14,0.26,NA,NA,NA,NA,0.21,0.27,0.36,0.17,NA,NA,NA,NA,NA,NA,NA,NA,NA,NA,0.85,0.19,0.3,1.49,0.11,0.24,0.14,1.26,0.36,0.17,0.31,0.09,0.96,0.19,27.3684210526
287,1,,NA,NA,NA,NA,NA,NA,NA,NA,NA,NA,0.3,0.24,0.19,0.35,0.21,0.25,0.27,0.32,0.31,0.42,0.2,0.23,0.17,0.27,NA,NA,NA,NA,0.31,0.64,0.53,0.23,0.38,0.17,0.35,0.28,0.23,0.24,0.37,0.28,0.26,0.34,0.37,0.21,0.34,0.43,0.27,0.28,0.75,0.18,0.24,0.31,0.43,0.32,0.25,0.32,0.38,0.42,0.28,0.21,0.25,0.57,0.16,0.16,0.27,0.23,0.2,0.22,0.37,0.21,0.17,0.37,0.4,0.51,0.49,0.87,0.43,0.52,0.26,1.02,0.14,0.68,0.25,0.27,0.18,0.39,0.22,0.31,0.42,0.26,0.38,0.36,0.34,0.4,14.8936170213
288,2,,NA,NA,NA,NA,NA,0.25,0.27,0.39,1.44,NA,NA,NA,NA,0.28,0.72,0.44,0.19,0.23,0.29,1.53,1.65,0.23,0.28,0.37,1.34,0.29,0.35,NA,NA,NA,NA,NA,0.25,0.26,0.48,0.3,0.33,0.24,0.34,0.36,0.29,1.74,0.35,0.48,0.27,0.26,0.78,0.27,0.2,0.3,1.26,0.35,0.45,0.49,0.28,0.62,0.38,0.28,0.27,1.09,0.37,0.35,0.2,0.27,0.34,0.13,0.28,1.19,1.59,0.22,0.33,0.22,0.24,0.27,0.98,0.61,0.56,1.22,0.08,0.2,0.27,0.26,0.41,0.28,0.74,0.29,0.37,0.21,0.31,0.27,0.53,0.22,0.43,0.3,1.29,14.7368421053
289,2,,0.32,1.18,0.23,0.18,0.38,0.18,1.18,0.16,0.39,0.19,0.21,0.12,0.15,0.47,0.89,0.25,0.26,0.12,0.52,0.18,0.37,0.13,0.27,NA,NA,NA,NA,NA,0.33,1.2,0.12,0.26,0.16,0.26,0.25,0.24,0.59,0.2,1.57,0.31,0.27,0.41,0.22,0.25,0.19,0.17,0.45,0.27,0.28,1.12,0.7,0.56,0.36,0.24,NA,NA,NA,NA,NA,NA,NA,NA,NA,0.37,0.3,0.26,0.12,0.19,0.24,0.03,0.15,0.16,0.11,0.18,0.21,0.26,0.18,0.24,0.65,1.12,0.2,0.08,0.15,0.42,0.09,0.56,0.16,1.75,0.32,0.81,1.3,0.71,0.14,0.29,14.8936170213
290,2,,NA,NA,NA,NA,NA,0.11,0.3,1.28,1.51,1.15,NA,NA,NA,NA,NA,NA,NA,NA,0.13,1.57,0.21,0.25,1.51,0.38,0.58,0.1,1.84,0.73,NA,NA,NA,NA,NA,NA,NA,NA,NA,0.2,0.16,0.18,0.2,0.21,0.3,1.43,0.32,0.6,NA,NA,NA,NA,NA,0.22,1.0,1.33,0.12,0.84,0.24,0.22,0.67,1.76,0.16,0.05,0.16,0.95,0.14,0.21,1.29,0.16,0.39,0.21,0.4,0.13,0.07,0.56,0.75,0.3,0.79,0.15,0.09,0.06,0.23,0.11,0.09,0.04,0.16,0.27,0.15,0.13,0.28,0.2,0.79,0.23,0.55,0.23,0.35,28.4210526316
291,2,,0.42,2.88,0.5,0.55,0.44,2.23,0.58,0.51,0.55,0.61,0.67,0.62,0.58,0.6,2.83,1.08,0.51,0.58,0.66,0.59,0.54,0.48,0.94,NA,NA,NA,NA,0.66,0.57,0.53,0.51,0.55,0.69,NA,1.02,2.17,0.44,0.31,0.33,0.56,0.42,0.49,0.51,0.65,0.41,0.59,NA,NA,NA,NA,0.51,0.49,0.55,0.47,2.21,1.09,0.98,0.53,0.97,0.77,0.44,0.59,0.41,0.53,NA,NA,NA,NA,0.48,0.64,0.44,0.51,0.35,0.68,0.66,0.63,0.97,0.5,0.61,0.39,0.9,1.88,0.97,0.53,0.41,0.92,0.38,0.44,0.73,0.53,0.59,0.78,0.53,0.53,0.5,12.6315789474
292,1,,0.25,0.22,0.17,0.17,0.4,1.13,0.28,0.21,0.36,0.25,0.27,0.29,0.28,0.31,0.29,0.14,0.37,0.17,0.26,0.19,0.18,0.23,0.22,0.19,0.16,1.1,0.16,0.39,1.29,0.58,0.27,0.14,0.17,0.2,0.2,0.18,1.13,0.27,0.22,0.23,0.31,0.21,0.43,0.29,0.16,0.19,0.34,0.17,0.26,0.3,0.21,0.24,0.29,1.27,0.21,0.38,0.26,0.32,0.28,1.18,0.62,0.64,0.13,0.33,0.53,0.22,0.18,0.2,0.17,0.52,0.22,0.61,0.17,0.22,0.17,0.24,0.26,0.2,0.14,0.23,0.28,0.53,0.71,0.35,0.92,0.37,0.08,0.09,0.82,0.14,0.31,0.06,0.16,0.2,0.52,0.0
293,2,,NA,NA,NA,NA,NA,0.4,1.85,0.49,3.91,0.69,NA,NA,NA,NA,NA,NA,NA,NA,NA,0.28,0.51,0.42,0.39,1.89,0.43,1.96,2.44,0.42,0.46,0.7,0.49,0.59,2.31,0.42,0.34,0.6,0.37,1.7,0.45,0.34,0.45,0.38,0.38,0.44,1.77,0.4,3.18,0.8,0.43,0.45,0.31,0.4,0.92,0.38,1.53,0.5,0.7,0.31,1.35,2.46,0.41,0.57,0.47,0.39,0.44,0.41,0.34,0.43,0.64,NA,NA,NA,NA,NA,NA,NA,NA,NA,NA,NA,NA,NA,0.43,0.4,0.46,0.39,0.43,0.49,0.38,0.53,0.59,0.45,0.46,0.43,0.51,28.4210526316
294,1,,1.98,0.42,0.34,0.28,0.2,0.28,0.12,1.42,1.15,0.36,0.24,0.66,0.19,0.99,0.32,0.8,1.65,0.65,0.49,0.23,0.71,0.11,0.3,0.48,0.37,0.37,NA,NA,NA,NA,NA,NA,NA,NA,NA,NA,NA,NA,NA,NA,1.41,2.22,0.26,0.29,0.99,0.57,0.41,0.49,0.13,0.97,1.19,1.32,0.11,1.59,0.53,0.99,1.66,0.2,0.42,0.26,0.55,1.6,0.37,0.1,0.18,0.04,1.61,2.81,0.71,0.43,0.37,0.19,0.22,1.63,1.02,1.82,1.4,0.1,0.22,1.62,0.22,1.59,0.53,0.16,3.96,0.51,1.34,1.55,1.85,1.8,1.37,0.08,0.24,0.56,14.8936170213
295,2,,0.2,1.29,0.25,0.38,0.16,0.2,0.3,0.23,0.15,0.42,0.42,0.27,1.79,0.18,0.19,0.16,0.21,0.15,0.2,0.43,0.18,0.21,NA,NA,NA,NA,NA,0.17,0.18,0.13,0.28,0.39,0.16,0.15,0.2,0.16,0.13,0.13,0.14,0.16,0.16,0.26,0.16,0.29,0.12,0.14,0.13,0.16,0.09,NA,NA,NA,NA,NA,0.24,0.19,1.63,0.31,0.19,1.64,0.29,0.1,0.21,0.28,0.14,0.17,0.17,NA,NA,NA,NA,0.09,0.15,0.2,0.4,0.35,0.21,0.21,0.21,0.18,0.1,0.18,0.25,0.16,0.16,0.23,0.45,0.15,0.17,0.19,0.45,0.16,0.17,0.29,14.8936170213
296,2,,0.39,0.23,0.24,1.54,0.67,0.31,0.26,0.24,1.76,0.36,0.46,0.27,0.16,0.47,0.69,1.54,0.23,0.34,0.18,0.23,1.47,0.24,0.19,0.23,0.18,0.55,1.79,0.1,0.41,0.19,0.28,0.28,0.32,0.15,0.21,0.17,0.36,0.26,0.22,0.05,0.27,0.43,0.51,0.11,0.36,1.18,0.18,0.55,0.24,2.97,1.09,0.18,0.88,0.09,0.24,0.47,1.35,0.21,0.26,NA,NA,NA,NA,NA,0.2,0.66,0.26,1.49,0.16,NA,NA,NA,NA,0.19,0.37,0.29,0.26,0.32,1.49,0.21,0.14,0.15,NA,NA,NA,NA,0.09,0.48,0.25,0.55,0.26,0.12,0.17,1.32,0.15,13.6842105263
297,1,,0.26,NA,NA,NA,0.34,NA,0.32,NA,NA,NA,NA,0.26,NA,NA,NA,0.31,NA,0.38,0.28,NA,0.32,NA,0.3,0.33,0.46,0.48,0.38,0.34,0.37,0.5,0.28,0.27,0.39,0.35,0.35,0.4,0.38,0.38,0.31,0.37,0.31,0.38,0.35,0.31,0.37,0.58,0.31,0.56,0.41,0.27,0.35,0.41,0.26,0.34,0.3,NA,0.29,0.34,0.26,0.37,0.65,0.42,0.37,0.32,0.69,0.56,0.38,0.47,0.3,0.33,0.39,0.34,0.47,0.33,0.4,0.27,0.28,0.29,0.26,NA,NA,0.28,0.29,NA,NA,NA,0.38,NA,NA,0.27,0.44,NA,0.37,0.32,0.54,0.0
298,2,,0.18,0.27,0.19,0.12,1.75,0.12,0.13,2.0,0.57,0.11,0.13,0.18,0.29,0.36,0.05,0.14,2.2,0.18,0.11,0.06,1.75,0.1,0.42,0.22,0.12,0.24,1.62,0.83,0.21,0.22,0.1,0.19,0.34,1.25,0.25,0.07,0.34,0.16,0.11,0.28,0.05,0.53,0.3,0.04,0.43,0.21,0.2,0.07,0.35,0.17,0.41,NA,0.19,0.45,1.77,0.16,0.47,0.29,0.11,1.68,0.31,0.39,0.18,0.04,0.42,0.25,0.16,0.71,1.12,0.18,0.21,0.25,0.9,NA,2.09,0.64,0.2,0.03,1.92,0.75,NA,0.11,0.04,0.12,0.13,0.23,0.23,0.28,0.21,0.38,0.18,0.85,1.57,0.07,0.83,0.0
299,2,,0.19,0.19,0.26,0.32,0.07,0.28,0.25,0.09,0.29,1.4,0.06,1.51,0.21,0.15,0.21,0.12,0.07,0.04,0.4,0.33,0.2,0.28,0.11,0.15,0.06,0.31,0.71,0.94,0.28,0.23,NA,0.13,0.2,0.26,0.25,0.57,1.09,0.13,0.18,0.02,0.21,NA,1.29,0.13,0.05,0.1,0.21,0.74,1.14,0.33,1.66,0.24,0.04,0.48,0.3,0.07,0.1,0.05,0.18,0.14,0.2,0.46,0.32,0.1,1.17,0.13,1.31,0.74,1.95,NA,NA,NA,0.06,0.11,0.2,0.11,0.17,0.61,0.27,1.43,0.46,0.44,0.56,0.15,1.74,0.22,0.17,0.3,1.23,0.2,0.09,0.07,0.08,0.29,0.0
300,2,,NA,NA,NA,NA,NA,NA,NA,NA,0.19,1.08,0.3,0.36,0.15,NA,NA,NA,NA,NA,NA,NA,NA,NA,NA,NA,NA,NA,0.05,0.08,0.21,0.06,0.1,1.0,0.13,0.06,0.13,NA,NA,NA,NA,NA,NA,NA,NA,NA,NA,0.12,0.17,0.12,0.16,NA,NA,NA,NA,NA,0.14,0.15,0.15,0.03,0.06,NA,NA,NA,NA,0.44,0.11,0.35,0.19,NA,NA,NA,NA,NA,NA,NA,NA,NA,NA,NA,NA,NA,NA,0.11,0.3,0.27,0.21,0.42,0.47,0.15,0.39,0.65,0.47,0.4,0.27,0.11,0.37,56.8421052632
301,2,,NA,NA,NA,NA,NA,NA,NA,NA,NA,NA,NA,NA,NA,NA,NA,NA,NA,NA,NA,NA,NA,NA,NA,NA,NA,NA,NA,NA,NA,NA,NA,NA,NA,NA,NA,NA,NA,NA,NA,NA,NA,NA,NA,NA,NA,NA,NA,NA,NA,NA,NA,NA,NA,NA,NA,NA,NA,NA,NA,NA,NA,NA,NA,NA,NA,NA,NA,NA,NA,NA,NA,NA,NA,NA,NA,NA,NA,NA,NA,NA,NA,NA,NA,NA,NA,NA,NA,NA,NA,NA,NA,NA,NA,NA,NA,0.0
302,2,,0.25,1.82,0.19,0.28,0.14,0.39,0.37,0.24,0.23,0.3,0.64,0.38,0.28,0.36,0.24,0.3,0.42,0.57,0.4,0.72,0.2,1.29,0.23,0.31,0.22,0.26,NA,NA,NA,NA,NA,0.73,0.2,1.24,0.32,1.42,0.27,0.58,0.43,0.6,0.39,0.22,0.29,0.22,NA,NA,NA,NA,NA,0.25,0.31,0.3,0.14,0.38,0.54,0.35,1.25,0.57,NA,NA,NA,NA,NA,0.75,1.26,0.45,0.28,0.41,0.8,0.3,0.37,0.36,1.49,0.52,0.33,0.36,0.78,0.09,0.13,0.35,0.34,0.74,0.41,0.38,0.25,0.62,0.52,0.25,0.21,0.54,0.17,0.1,0.9,0.13,15.9574468085
303,2,,NA,NA,NA,NA,NA,NA,NA,NA,NA,NA,NA,NA,NA,0.38,0.25,1.6,0.24,0.36,0.29,0.39,0.45,0.42,2.95,0.47,0.3,1.33,0.66,0.31,2.89,0.42,0.31,0.44,0.39,0.39,0.28,0.4,0.24,0.51,0.32,0.33,NA,NA,NA,NA,NA,0.41,1.89,0.44,0.63,NA,NA,NA,NA,NA,NA,NA,NA,NA,NA,0.47,0.42,1.42,0.4,0.28,0.44,0.34,0.52,0.41,0.31,0.34,1.81,0.43,2.1,0.34,0.36,0.36,0.5,0.48,0.39,0.27,0.58,0.28,0.29,1.53,0.23,1.48,0.4,0.4,1.8,0.3,0.49,0.38,0.25,0.34,29.7872340426
304,2,,NA,NA,NA,NA,NA,0.89,0.38,0.6,0.75,NA,NA,NA,NA,NA,NA,NA,NA,NA,NA,NA,NA,NA,0.79,1.61,0.91,0.52,2.1,0.64,2.22,1.84,0.53,0.72,0.23,0.44,1.68,1.06,NA,NA,NA,NA,NA,NA,NA,NA,NA,1.11,1.0,0.5,0.84,1.62,0.75,1.72,2.22,3.61,0.35,2.25,0.97,0.46,4.17,0.5,0.23,1.4,0.3,2.52,0.33,NA,3.15,0.34,1.89,2.01,0.52,3.24,0.38,0.11,0.25,0.39,1.43,1.32,0.5,0.56,0.71,NA,NA,NA,NA,NA,NA,NA,NA,NA,NA,NA,NA,NA,42.5531914894
305,2,,NA,0.5,2.97,0.28,0.54,0.36,0.53,0.54,NA,0.41,0.47,0.53,3.35,0.27,0.54,0.36,NA,0.43,0.55,0.55,0.56,0.63,0.66,NA,NA,NA,NA,NA,NA,NA,NA,NA,0.46,0.55,0.96,0.72,NA,NA,NA,NA,NA,0.9,0.82,0.69,0.65,0.91,NA,NA,NA,NA,0.61,3.11,0.41,0.85,0.59,3.6,NA,0.68,0.56,NA,0.47,0.53,0.6,0.56,NA,NA,NA,NA,0.52,0.87,3.19,0.68,NA,NA,NA,NA,NA,0.6,0.61,0.78,0.79,0.88,0.87,0.68,0.64,0.63,2.99,2.96,0.66,0.53,0.71,2.63,0.36,0.41,0.53,28.4210526316
306,2,,NA,NA,NA,NA,NA,0.48,0.69,0.58,0.59,NA,NA,NA,NA,0.44,0.61,0.43,0.38,0.42,NA,NA,NA,NA,NA,0.58,0.51,0.66,0.46,0.6,0.49,0.54,0.42,0.47,3.1,0.24,0.33,0.39,0.53,NA,NA,NA,NA,0.55,0.4,0.54,0.38,NA,NA,NA,NA,NA,0.6,0.37,0.65,2.16,0.19,0.4,0.59,0.54,0.45,0.47,0.65,0.43,0.42,0.38,0.58,0.43,0.51,0.41,NA,NA,NA,NA,NA,0.6,0.54,0.47,0.82,0.51,0.54,0.78,0.5,0.44,0.54,0.69,0.33,0.44,0.6,0.49,0.51,0.55,0.59,0.41,0.53,0.44,0.59,29.4736842105
307,1,,NA,NA,NA,NA,NA,NA,NA,NA,NA,0.78,0.59,0.43,0.8,0.52,NA,NA,NA,NA,2.07,0.45,0.5,0.6,0.52,0.45,0.44,0.52,0.57,0.43,0.36,0.48,0.52,1.71,0.89,0.99,0.68,0.34,0.41,1.91,0.53,0.52,0.74,0.46,0.58,0.58,0.46,0.46,0.42,0.7,0.64,0.58,0.65,0.77,0.41,0.49,0.39,0.49,0.4,0.75,0.49,0.45,0.43,0.6,0.88,0.36,1.08,1.1,0.42,0.33,0.46,0.39,0.39,0.51,0.28,1.73,0.95,0.55,0.6,0.7,0.72,0.42,1.18,0.41,0.33,0.34,0.46,0.37,0.59,0.41,0.51,0.91,0.47,1.52,0.53,0.51,13.829787234
308,2,,NA,NA,NA,NA,NA,NA,NA,NA,NA,0.32,0.37,0.56,0.38,0.33,0.38,0.35,0.31,0.32,0.35,0.34,0.42,0.34,0.4,0.38,0.37,0.3,0.44,NA,NA,NA,NA,0.4,0.35,0.32,0.37,0.44,0.38,0.32,0.43,0.31,0.45,0.34,0.37,0.34,1.3,0.42,0.34,0.33,0.37,1.26,NA,NA,NA,NA,0.33,0.37,0.29,0.41,0.32,0.26,0.36,0.33,0.46,0.32,0.1,0.7,0.45,0.57,0.23,0.37,0.3,0.46,0.55,0.4,0.41,0.36,0.34,NA,NA,NA,NA,0.31,0.4,0.34,0.5,0.31,NA,NA,NA,NA,NA,0.38,0.43,0.29,0.44,27.3684210526
309,2,,0.11,0.25,1.3,0.29,0.27,0.14,0.18,0.24,0.29,1.68,0.39,0.55,0.27,1.67,0.21,0.09,0.32,0.01,0.18,0.08,0.08,NA,0.08,1.24,0.31,0.47,0.33,0.16,0.34,0.48,0.21,0.06,0.15,0.1,1.04,0.3,0.32,1.49,0.16,0.1,NA,NA,NA,NA,NA,0.18,0.26,0.58,0.6,0.8,0.22,0.36,1.42,0.35,0.59,0.4,0.49,0.03,NA,NA,NA,NA,NA,1.22,0.46,0.25,0.31,0.56,0.33,1.59,0.23,1.16,NA,NA,NA,NA,NA,0.05,0.16,0.2,0.13,1.27,0.13,0.16,0.37,0.16,0.19,0.14,0.04,0.02,0.2,0.34,0.35,1.45,0.19,15.7894736842
310,2,,NA,NA,NA,NA,NA,NA,NA,NA,NA,NA,NA,NA,NA,NA,NA,NA,NA,NA,NA,NA,NA,NA,NA,NA,NA,NA,NA,NA,NA,NA,NA,NA,NA,NA,NA,NA,NA,NA,NA,NA,NA,NA,NA,NA,NA,NA,NA,NA,NA,NA,NA,NA,NA,NA,NA,NA,NA,NA,NA,NA,NA,NA,NA,NA,NA,NA,NA,NA,NA,NA,NA,NA,NA,NA,NA,NA,NA,NA,NA,NA,NA,NA,NA,NA,NA,NA,NA,NA,NA,NA,NA,NA,NA,NA,0.0
311,2,,0.07,1.04,0.21,0.12,0.09,1.73,0.68,0.91,0.14,0.09,0.13,0.09,0.18,0.03,0.05,1.19,0.01,0.38,0.07,1.07,1.0,1.72,0.2,NA,NA,NA,NA,0.08,1.43,0.09,0.17,0.35,0.15,0.2,1.05,0.31,0.96,0.26,0.31,0.25,0.22,0.15,1.01,0.21,0.13,0.97,1.51,1.3,0.95,0.14,NA,NA,NA,NA,0.15,0.24,0.19,0.25,0.89,NA,NA,NA,NA,NA,1.36,0.18,0.16,0.32,0.17,0.25,0.86,0.81,0.2,0.14,0.19,1.75,0.3,1.28,0.39,1.33,1.19,0.5,0.09,0.12,0.01,0.1,NA,0.1,1.01,0.1,0.22,0.26,0.47,2.45,NA,13.6842105263
312,2,,0.09,0.22,0.2,1.32,0.14,0.14,0.07,0.29,0.14,0.47,0.48,0.2,0.33,0.39,0.84,0.43,0.27,0.2,0.37,0.42,0.72,0.36,0.11,0.19,0.22,0.44,0.42,0.12,0.44,1.06,0.22,0.15,0.32,0.17,0.3,0.29,0.54,0.21,0.57,0.37,0.36,0.32,0.18,0.17,0.95,1.13,0.15,0.07,0.55,0.2,0.43,0.47,0.14,0.22,0.21,NA,NA,NA,NA,0.79,0.6,0.19,0.68,0.46,0.86,0.37,0.23,0.29,0.09,0.22,0.42,0.16,0.21,0.44,0.34,0.27,0.24,NA,NA,NA,NA,NA,NA,NA,NA,NA,NA,0.3,0.7,0.44,0.43,0.31,0.19,0.25,0.28,13.6842105263
313,2,,NA,NA,NA,NA,NA,NA,NA,NA,NA,NA,NA,NA,NA,0.22,2.13,0.28,0.2,1.35,0.29,0.46,0.35,0.31,1.74,NA,NA,NA,NA,0.21,0.11,0.1,3.56,0.32,NA,NA,NA,NA,NA,NA,NA,NA,NA,0.94,0.33,0.29,0.37,0.45,1.66,0.35,0.24,0.67,0.98,0.39,0.25,0.22,0.33,0.44,2.07,0.17,0.78,NA,0.35,0.3,0.46,1.38,0.17,0.29,0.22,0.13,0.25,NA,NA,NA,NA,NA,NA,NA,NA,0.7,0.42,0.91,0.59,0.44,NA,NA,NA,NA,0.41,0.38,0.21,0.15,0.08,0.16,1.65,0.57,0.28,40.0
314,1,,NA,NA,NA,NA,NA,NA,NA,NA,NA,0.49,0.35,0.25,0.27,0.25,0.39,0.21,0.25,NA,NA,NA,NA,NA,1.01,1.79,0.33,0.25,0.25,0.38,0.26,1.39,0.38,0.17,0.4,0.31,0.29,0.21,0.26,0.2,0.39,0.32,NA,NA,NA,NA,NA,0.3,0.27,0.12,0.38,0.32,NA,NA,NA,NA,1.48,0.7,3.43,1.88,0.31,NA,NA,NA,NA,NA,1.92,0.1,0.37,0.17,0.25,0.15,1.25,0.54,1.92,0.52,0.18,0.31,0.27,0.29,0.31,1.4,0.31,1.33,0.34,0.27,0.39,0.27,0.25,0.24,0.35,1.45,0.47,1.83,0.35,0.26,0.26,29.4736842105
315,2,,NA,NA,NA,NA,NA,1.93,2.09,0.35,2.03,NA,NA,NA,NA,NA,NA,NA,NA,NA,0.34,1.97,0.14,0.35,2.43,NA,0.37,0.34,NA,NA,NA,NA,NA,NA,NA,NA,NA,NA,NA,NA,NA,NA,0.45,0.43,0.31,1.87,0.36,0.38,0.36,NA,0.35,1.85,0.22,0.34,0.84,0.38,2.73,0.12,0.31,0.31,1.53,2.15,2.78,0.75,2.08,0.82,0.67,2.28,0.29,NA,NA,NA,NA,NA,NA,NA,NA,NA,NA,0.92,0.19,2.19,0.32,0.37,0.39,0.59,0.48,0.62,NA,NA,NA,NA,0.22,0.31,0.39,2.49,0.44,44.2105263158
316,2,,0.17,1.74,0.26,0.25,0.34,0.18,0.12,0.15,0.16,0.13,0.36,0.14,0.51,0.37,0.15,0.21,0.47,0.06,0.23,0.21,1.4,0.5,0.73,0.17,0.77,0.74,0.39,NA,NA,NA,NA,0.07,0.17,0.33,0.12,0.32,0.19,0.86,0.23,0.12,0.2,0.08,1.62,0.04,0.44,NA,NA,NA,NA,NA,NA,NA,NA,NA,0.63,0.01,0.24,0.45,0.41,0.12,1.19,0.05,0.07,0.11,0.03,0.95,0.25,0.93,0.32,0.32,0.31,0.15,0.38,0.02,0.24,0.34,0.13,0.14,0.49,0.12,0.23,0.12,0.42,0.47,0.05,0.16,0.1,0.3,0.23,0.43,0.67,0.03,0.21,0.8,0.02,13.6842105263
317,2,,NA,NA,NA,NA,NA,NA,NA,NA,NA,NA,NA,NA,NA,0.21,0.36,3.81,1.07,0.21,0.23,2.04,0.38,0.14,0.39,0.12,0.14,0.16,0.23,0.14,1.39,0.37,0.34,0.44,NA,NA,NA,NA,0.45,1.26,0.35,0.18,0.22,2.4,0.32,0.55,0.32,1.62,0.69,0.7,0.28,0.46,NA,NA,NA,NA,0.16,0.23,1.9,0.76,0.1,1.98,0.38,0.14,2.21,0.79,1.61,0.16,0.15,0.25,0.42,0.2,0.17,1.71,NA,NA,NA,NA,NA,2.13,0.71,0.26,0.36,0.31,1.64,0.4,0.24,0.31,0.28,2.03,0.23,1.54,0.28,0.17,0.1,0.49,27.6595744681
318,2,,NA,NA,NA,NA,NA,NA,NA,NA,NA,0.46,1.1,0.22,0.19,0.14,0.37,0.12,0.09,0.28,NA,NA,NA,NA,0.46,0.24,0.32,0.09,0.1,0.12,0.31,0.28,1.7,0.29,0.28,NA,0.59,0.14,0.13,0.38,0.16,0.13,0.28,0.34,0.35,0.89,0.13,0.07,0.22,0.24,0.37,0.23,0.21,1.18,0.3,0.29,0.16,1.57,1.6,0.23,1.69,0.23,0.29,0.16,0.22,0.14,1.1,0.08,0.19,0.15,1.41,0.2,0.39,0.22,0.91,0.18,0.12,1.89,0.45,0.18,1.42,0.19,0.21,0.29,0.1,1.72,0.26,0.19,0.11,0.35,0.16,0.18,0.35,0.44,0.19,0.28,13.829787234
319,2,,NA,NA,NA,NA,NA,NA,NA,NA,NA,0.47,1.81,0.39,0.25,NA,NA,NA,NA,0.27,0.51,0.4,0.52,0.24,0.26,0.33,0.2,0.3,0.36,0.19,0.6,0.28,0.27,0.14,0.22,0.41,0.24,0.24,0.24,0.43,0.26,0.24,0.29,0.32,0.75,0.18,0.2,0.75,0.82,0.83,0.4,0.19,0.18,0.93,1.24,0.51,0.31,0.72,0.35,0.84,0.49,0.21,0.35,0.09,0.32,0.28,0.31,0.37,0.21,0.31,0.25,0.21,0.28,0.39,0.22,0.19,1.56,0.43,0.47,0.6,0.91,0.19,0.83,0.42,0.13,0.2,0.01,0.18,0.11,1.39,0.99,0.42,1.03,0.17,0.15,0.75,0.46,13.6842105263
320,2,,NA,NA,NA,NA,NA,NA,NA,NA,NA,NA,NA,NA,NA,1.84,0.29,0.33,2.06,1.51,0.39,0.25,0.33,0.44,0.36,1.9,0.72,0.28,0.13,1.58,0.25,0.44,0.3,0.21,0.23,1.61,0.5,0.39,0.19,0.41,1.59,2.27,NA,NA,NA,NA,NA,NA,NA,NA,NA,0.22,1.71,0.22,0.11,NA,NA,NA,NA,NA,0.4,0.3,1.66,0.25,0.19,0.14,0.2,0.35,0.2,0.44,0.41,0.14,0.67,0.36,0.39,0.18,2.61,0.42,0.21,0.6,0.58,0.53,1.75,2.3,0.27,0.14,0.21,0.38,0.46,0.26,0.14,0.28,3.07,0.89,0.18,0.69,0.21,28.4210526316
321,1,,0.71,0.58,3.73,0.48,0.5,0.54,0.57,0.52,0.64,NA,NA,NA,NA,NA,NA,NA,NA,NA,0.56,0.58,NA,2.68,0.45,0.66,0.65,0.62,0.78,NA,NA,NA,NA,NA,NA,NA,NA,NA,0.37,0.63,0.35,0.49,0.69,NA,NA,NA,NA,NA,0.59,0.77,0.57,3.66,0.65,0.62,NA,0.81,NA,NA,NA,NA,0.88,NA,1.94,1.27,0.97,0.71,0.45,0.5,0.73,0.47,0.6,0.49,0.57,0.57,0.51,0.94,0.67,0.48,0.78,0.44,0.53,0.5,0.96,0.53,0.71,0.44,0.57,0.78,0.51,0.68,0.6,0.68,1.92,1.43,0.46,0.88,27.6595744681
322,2,,NA,NA,NA,NA,NA,NA,NA,NA,NA,0.35,1.37,0.93,0.38,0.31,NA,NA,NA,NA,0.41,0.27,1.22,0.73,NA,NA,NA,NA,NA,0.42,0.49,0.3,0.35,0.75,1.15,0.38,0.88,0.39,0.34,0.29,0.33,0.18,1.1,0.91,0.28,1.16,1.0,0.16,0.15,0.64,1.09,0.57,NA,NA,NA,NA,0.18,1.61,0.61,0.3,0.29,NA,NA,NA,NA,NA,0.29,0.47,0.44,0.56,1.08,1.44,0.6,1.14,1.09,0.54,0.41,0.37,0.42,0.83,0.33,1.49,0.49,0.28,0.92,0.27,0.27,0.32,1.17,0.54,3.2,0.53,0.56,0.47,0.6,0.35,0.83,28.4210526316
323,1,,1.17,2.25,0.3,0.15,0.17,0.31,0.15,0.24,0.18,1.28,1.14,0.34,0.31,0.2,NA,NA,NA,NA,0.15,0.9,0.35,0.16,0.24,NA,NA,NA,NA,0.36,0.54,0.87,0.66,0.09,0.11,0.18,0.18,0.17,NA,NA,NA,NA,0.17,0.03,1.14,0.22,0.39,NA,NA,NA,NA,NA,NA,NA,NA,NA,0.41,0.34,0.32,0.1,0.12,0.08,0.07,0.3,0.4,0.18,0.06,0.06,0.1,0.92,0.26,0.61,0.28,0.17,NA,NA,NA,NA,NA,0.33,0.11,0.17,0.57,0.51,0.24,0.22,0.04,0.47,0.28,0.58,0.37,1.07,0.26,0.19,0.23,0.75,27.6595744681
324,2,,1.62,0.26,1.51,0.78,0.32,0.45,0.36,1.78,0.39,0.3,0.32,0.35,0.4,0.62,0.43,0.45,0.35,0.27,NA,NA,NA,NA,1.74,0.36,0.52,0.46,0.57,0.52,0.61,0.36,0.66,0.45,1.59,0.58,0.5,0.47,NA,NA,NA,NA,NA,NA,NA,NA,NA,NA,NA,NA,NA,NA,0.38,0.36,0.44,1.59,0.95,0.35,0.37,0.48,0.57,0.33,0.37,2.22,1.95,0.59,NA,NA,NA,NA,NA,NA,NA,NA,NA,0.59,0.39,0.3,0.34,0.54,0.47,0.22,0.31,0.39,0.3,0.58,1.02,0.33,0.43,0.29,0.5,0.42,0.37,0.46,0.53,0.31,0.52,28.4210526316
325,2,,NA,NA,NA,NA,NA,NA,NA,NA,2.62,2.0,0.2,2.9,2.83,NA,NA,NA,NA,0.34,0.2,0.29,0.4,NA,0.15,0.2,0.4,0.16,0.23,0.23,1.52,0.02,0.31,NA,0.25,0.21,NA,2.44,1.6,0.28,0.19,2.09,0.14,0.19,0.5,3.29,NA,0.06,2.06,0.25,0.13,0.18,0.26,0.17,1.89,1.57,0.13,0.07,0.09,0.14,0.14,NA,0.33,0.23,NA,0.05,0.03,0.09,0.36,0.17,0.29,0.34,0.32,2.46,0.35,0.46,0.23,0.2,NA,NA,NA,NA,NA,NA,NA,NA,NA,0.25,0.3,0.37,0.12,NA,NA,NA,NA,NA,27.6595744681
326,2,,0.45,2.88,0.87,0.36,0.46,0.48,0.45,0.79,3.28,0.47,0.61,0.73,0.68,1.44,0.83,2.65,3.08,0.76,0.46,0.54,NA,0.36,0.41,3.4,0.46,0.37,0.3,0.27,0.4,3.16,0.49,0.22,0.43,0.33,0.27,0.49,NA,0.41,0.28,0.4,0.34,0.66,0.32,0.41,0.37,0.4,0.31,0.38,0.32,2.87,0.49,0.42,0.35,0.37,0.34,0.33,0.44,0.38,2.62,0.27,2.97,0.31,0.27,0.32,0.42,0.33,0.29,0.32,0.39,0.31,2.43,0.71,0.3,0.3,0.65,3.59,0.3,3.06,0.31,0.38,3.58,0.44,0.49,0.44,0.57,0.33,0.32,0.43,0.31,0.39,0.22,0.33,0.17,0.28,0.29,0.0
327,2,,NA,NA,NA,NA,NA,NA,NA,NA,NA,NA,NA,NA,NA,0.13,0.16,1.16,0.25,0.4,0.31,0.17,0.22,0.09,0.2,0.18,0.06,0.31,0.32,0.16,0.21,0.27,0.13,0.39,0.17,0.14,0.11,0.17,0.14,0.11,0.17,0.24,NA,NA,NA,NA,NA,NA,NA,NA,NA,0.31,0.3,0.26,0.34,0.39,0.95,0.33,0.29,0.31,NA,NA,NA,NA,NA,0.2,0.36,0.24,0.24,NA,NA,NA,NA,NA,NA,NA,NA,NA,0.21,0.77,0.32,0.28,0.16,NA,NA,NA,NA,0.43,0.49,0.2,0.25,0.19,0.36,0.2,0.23,0.14,42.5531914894
328,1,,0.26,0.3,0.38,1.27,0.4,0.54,0.3,0.38,0.24,0.39,0.6,0.69,0.3,0.3,0.41,1.99,0.23,1.38,0.3,0.52,0.41,0.18,0.37,0.22,0.34,0.36,0.24,0.44,0.42,0.21,0.56,0.88,0.29,0.27,0.27,0.33,0.47,0.42,0.46,0.45,0.47,0.41,0.59,0.51,0.44,0.38,0.42,0.39,0.97,0.31,0.41,0.32,0.45,2.15,0.94,1.36,0.28,0.57,0.25,NA,NA,NA,NA,0.91,0.26,0.4,0.44,0.3,0.34,0.26,0.38,0.26,0.46,NA,NA,NA,NA,NA,NA,NA,NA,0.36,0.44,0.31,0.34,0.43,0.37,0.46,0.38,0.42,0.52,0.36,0.57,1.74,12.7659574468
329,1,,0.44,0.43,1.57,0.61,0.49,0.35,0.33,0.32,0.23,0.26,0.33,0.28,0.34,0.23,0.31,0.33,0.26,0.29,0.3,0.21,0.21,0.27,0.23,0.29,0.24,0.19,0.23,0.22,0.32,0.28,0.3,0.23,1.17,0.39,0.34,0.28,0.23,NA,NA,NA,NA,0.36,0.95,2.09,0.27,0.21,0.24,0.13,0.22,0.34,0.9,0.14,0.25,0.64,0.38,0.25,0.23,0.88,0.37,0.19,0.21,0.14,0.21,0.3,0.52,0.16,0.16,NA,NA,NA,NA,NA,NA,NA,NA,NA,0.11,0.26,0.75,0.18,0.73,0.15,0.18,0.59,0.58,1.24,0.2,0.22,0.29,0.27,0.24,0.24,0.28,0.21,13.829787234
330,2,,NA,NA,NA,NA,NA,NA,NA,NA,NA,NA,NA,NA,NA,1.04,0.11,NA,0.44,0.72,0.42,0.16,0.17,0.59,NA,NA,NA,NA,0.09,0.18,0.12,1.29,0.14,NA,NA,NA,NA,0.1,1.47,0.54,0.38,0.04,NA,NA,NA,NA,0.01,0.09,0.03,0.13,0.92,NA,NA,NA,NA,0.17,0.08,0.39,1.69,0.26,NA,NA,NA,NA,NA,1.64,0.27,0.19,0.17,NA,NA,NA,NA,NA,2.25,1.01,0.28,0.11,2.24,0.71,0.48,0.31,0.11,0.29,0.23,0.2,1.2,0.61,0.05,0.43,0.25,2.16,0.05,0.09,0.37,0.24,41.4893617021
331,2,,NA,NA,NA,NA,NA,NA,NA,NA,NA,0.29,1.35,0.55,NA,0.97,0.32,0.26,0.36,1.45,0.39,0.35,1.63,0.5,1.95,0.3,0.26,0.36,0.41,NA,NA,NA,NA,2.63,0.56,0.31,0.29,0.27,2.74,0.5,0.58,0.24,0.29,0.36,0.34,0.42,0.3,0.44,0.2,0.34,0.34,0.34,0.28,0.34,0.34,0.33,0.35,0.27,0.38,0.38,0.33,0.34,0.36,0.31,0.62,0.27,0.3,0.34,0.45,NA,NA,NA,NA,NA,0.21,0.36,0.29,1.95,0.47,0.56,0.35,0.99,0.28,NA,NA,NA,NA,0.34,1.45,1.67,0.42,NA,NA,NA,NA,NA,28.7234042553
332,2,,2.57,1.05,3.0,0.43,3.2,0.72,0.87,1.12,3.75,0.7,3.37,0.56,2.62,0.61,0.55,0.6,0.55,0.61,0.57,2.95,0.52,0.42,0.75,2.64,0.59,0.38,2.9,NA,NA,NA,NA,NA,NA,NA,NA,NA,NA,NA,NA,NA,NA,0.92,2.87,0.51,0.51,0.46,NA,0.14,0.91,3.17,0.8,0.7,2.99,0.63,NA,NA,NA,NA,NA,0.91,2.69,NA,0.96,NA,NA,NA,NA,NA,NA,NA,NA,NA,0.6,0.68,1.11,0.57,2.34,NA,NA,NA,NA,NA,NA,NA,NA,0.79,0.68,0.77,0.69,0.61,NA,NA,NA,NA,42.5531914894
333,2,,1.8,0.34,0.45,0.49,0.39,0.38,0.37,1.93,0.74,0.35,0.91,2.37,0.17,NA,NA,NA,NA,NA,0.42,0.23,0.45,0.4,0.2,0.31,0.32,0.21,NA,NA,NA,NA,NA,0.31,0.25,0.67,NA,0.48,0.52,0.38,0.43,0.3,0.48,2.69,0.2,0.28,0.46,0.32,0.55,0.35,2.05,0.42,0.29,0.31,0.29,1.69,NA,NA,NA,NA,NA,2.27,0.32,0.32,0.39,0.48,0.45,0.66,0.48,0.54,0.63,0.51,0.44,0.45,0.44,2.74,0.45,0.45,0.36,0.54,0.45,0.35,0.43,0.33,0.33,0.26,0.52,0.28,0.26,0.38,1.54,0.21,0.29,0.28,0.31,0.91,15.9574468085
334,2,,0.62,1.56,0.6,0.58,0.66,0.42,0.46,0.56,0.71,1.89,0.46,1.68,0.51,0.64,0.28,0.49,0.44,1.41,0.97,0.97,0.66,1.48,0.99,0.95,0.58,0.66,0.35,0.49,0.55,1.42,0.98,0.4,0.5,1.47,0.32,0.85,NA,NA,NA,NA,NA,NA,NA,NA,NA,NA,0.77,0.49,0.45,0.7,NA,NA,NA,NA,0.31,1.09,0.77,0.57,0.33,0.18,0.22,1.55,0.47,0.93,1.78,1.11,1.58,0.31,1.42,0.98,1.32,0.28,0.5,0.37,0.61,0.25,0.59,0.84,0.36,0.26,0.3,1.2,2.53,0.25,0.26,0.35,0.53,0.53,1.59,1.08,0.25,0.41,0.45,0.34,0.24,14.7368421053
335,2,,0.52,0.23,1.23,0.39,0.36,0.15,1.76,0.49,1.84,0.46,0.32,0.33,0.27,0.4,0.31,0.64,0.24,0.31,0.67,0.22,0.24,0.61,0.59,0.7,0.17,0.27,0.16,0.21,0.52,0.3,0.13,0.15,1.47,0.47,0.31,0.23,0.19,0.66,0.19,0.12,0.16,0.13,0.26,0.24,0.19,0.33,NA,NA,NA,NA,0.14,0.46,0.33,0.21,0.1,NA,NA,NA,NA,0.31,0.34,2.08,0.64,0.36,0.22,0.22,0.16,0.17,NA,NA,NA,NA,NA,0.4,0.09,0.13,0.31,0.74,1.04,NA,0.28,0.27,0.13,0.11,0.26,1.03,0.66,0.27,0.98,0.35,0.14,0.24,0.98,0.18,0.83,13.6842105263
336,2,,NA,NA,NA,NA,NA,NA,NA,NA,NA,NA,NA,NA,NA,0.6,3.83,0.62,0.74,0.59,0.6,0.58,0.49,2.45,0.62,0.64,0.63,0.63,0.57,0.82,1.05,0.84,0.46,0.58,0.44,0.5,1.74,0.74,NA,NA,NA,NA,NA,0.49,0.53,0.29,0.6,NA,NA,NA,NA,NA,NA,NA,NA,NA,0.61,0.67,0.29,0.42,0.51,0.48,1.1,0.78,1.07,0.49,0.44,0.5,0.72,2.22,NA,NA,NA,NA,NA,NA,NA,NA,NA,0.58,1.29,0.63,0.73,NA,NA,NA,NA,NA,0.86,0.44,0.4,0.56,0.42,0.59,0.75,0.28,0.58,43.1578947368
337,2,,NA,NA,NA,NA,NA,NA,NA,NA,NA,0.92,0.24,1.44,0.33,0.45,NA,NA,NA,NA,NA,0.92,0.63,0.27,0.95,0.29,0.57,NA,0.85,0.54,0.08,0.57,0.33,0.62,NA,NA,NA,NA,1.87,0.54,0.25,0.41,NA,NA,NA,NA,NA,0.37,0.31,0.37,0.48,1.44,2.51,0.56,0.28,0.43,0.34,0.45,0.29,0.77,0.33,0.26,0.4,0.32,0.3,0.82,1.09,0.34,0.63,NA,NA,NA,NA,NA,NA,NA,NA,NA,0.84,0.46,1.93,1.1,1.93,NA,NA,NA,NA,0.4,0.33,0.32,1.23,0.45,NA,NA,NA,NA,42.5531914894
